2.356194490192344837e+00 0.000000000000000000e+00
2.354957354901649147e+00 -6.174575321749241341e-02
2.351242893408696855e+00 -1.236439803127234449e-01
2.345041949535860759e+00 -1.858464290009056441e-01
2.336339313927455752e+00 -2.485032591679091352e-01
2.325113804383734273e+00 -3.117622201427598938e-01
2.311338380950004989e+00 -3.757676984709817369e-01
2.294980301686328161e+00 -4.406596481797822595e-01
2.276001324110551227e+00 -5.065723682063698607e-01
2.254357959427415015e+00 -5.736330921285581752e-01
2.230001785716181129e+00 -6.419603644943990828e-01
2.202879840747881346e+00 -7.116621328808298008e-01
2.172935079193713648e+00 -7.828336153132318120e-01
2.140106935961251455e+00 -8.555548067187768169e-01
2.104331991426151571e+00 -9.298876672155579337e-01
2.065544756377390545e+00 -1.005872956806909801e+00
2.023678590812986844e+00 -1.083526710725771114e+00
1.978666774444073129e+00 -1.162836365420830465e+00
1.930443732975935633e+00 -1.243756555495392657e+00
1.878946431064646427e+00 -1.326204637130619091e+00
1.824115984160464832e+00 -1.410056017225349345e+00
1.765899407280757893e+00 -1.495139379091940723e+00
1.704251617768252736e+00 -1.581232166612834833e+00
1.639137536651809279e+00 -1.668056051422458941e+00
1.570534423908723998e+00 -1.755273223372972202e+00
1.498434329223530703e+00 -1.842483429013490381e+00
1.422846626036941453e+00 -1.929222201247257740e+00
1.343800589840321802e+00 -2.014960835088783764e+00
1.261347948819887765e+00 -2.099108169127686274e+00
1.175565312450875810e+00 -2.181014833444267165e+00
1.086556370225441270e+00 -2.259980265104314601e+00
9.944537557606383249e-01 -2.335262601523070192e+00
8.994204532778383721e-01 -2.406091683928484048e+00
8.016506200597462994e-01 -2.471685019006264916e+00
7.013697134950007683e-01 -2.531266397967701032e+00
5.988338360344160893e-01 -2.584086656492652789e+00
4.943282071397506749e-01 -2.629445692134475987e+00
3.881647483967636258e-01 -2.666714832860474171e+00
2.806787855190633341e-01 -2.695358071477829132e+00
1.722249467905459519e-01 -2.714951519910161259e+00
6.317232978159043055e-02 -2.725199093272871131e+00
-4.610085888187427650e-02 -2.725943966010720310e+00
-1.552130307849774737e-01 -2.717174685299055259e+00
-2.637850684015172753e-01 -2.699025628839937685e+00
-3.714460841056123064e-01 -2.671771734202405213e+00
-4.778388575548930262e-01 -2.635817889363927247e+00
-5.826247532706481103e-01 -2.591683723568122932e+00
-6.854879530455901815e-01 -2.539984828508035086e+00
-7.861388842011373113e-01 -2.481411612648859677e+00
-8.843167739167047126e-01 -2.416707050047646188e+00
-9.797913103419213510e-01 -2.346644527561770666e+00
-1.072363433964645063e+00 -2.272006802000268610e+00
-1.161865324925942966e+00 -2.193567129901429880e+00
-1.248159686772397636e+00 -2.112072727069393530e+00
-1.331138419893585167e+00 -2.028231347037709575e+00
-1.410720821676307857e+00 -1.942700877777590263e+00
-1.486851430451753275e+00 -1.856081925254164711e+00
-1.559497626534456449e+00 -1.768913160726278910e+00
-1.628647098529521164e+00 -1.681669100889289448e+00
-1.694305261733937362e+00 -1.594759950195410614e+00
-1.756492707823230415e+00 -1.508533112600350057e+00
-1.815242737714595211e+00 -1.423275964244166802e+00
-1.870599027991886043e+00 -1.339219544537802120e+00
-1.922613457943273430e+00 -1.256542847519689143e+00
-1.971344114064104369e+00 -1.175377446311076657e+00
-2.016853485161254067e+00 -1.095812231933001257e+00
-2.059206846137608959e+00 -1.017898097854218920e+00
-2.098470826203265638e+00 -9.416524505716556970e-01
-2.134712152282447484e+00 -8.670634612416732168e-01
-2.167996557493913734e+00 -7.940939934863067151e-01
-2.198387839854249126e+00 -7.226851825045573774e-01
-2.225947057056548495e+00 -6.527596575128514766e-01
-2.250731843313203306e+00 -5.842244103586704540e-01
-2.272795834516852409e+00 -5.169733244673063721e-01
-2.292188188443220476e+00 -4.508893905730433915e-01
-2.308953185852001599e+00 -3.858466120249081088e-01
-2.323129907216416878e+00 -3.217117041445228809e-01
-2.334751967997782174e+00 -2.583455063732736368e-01
-2.343847312420487494e+00 -1.956042502876693123e-01
-2.350438045452859726e+00 -1.333406539192597551e-01
-2.354540319352417921e+00 -7.140485309299632322e-02
-2.356164237328725264e+00 -9.645323495842753059e-03
-2.355313809726331531e+00 5.209034910902055060e-02
-2.351986937561138635e+00 1.139547184711401928e-01
-2.346175413919765251e+00 1.760996770218042906e-01
-2.337864971271357728e+00 2.386756872484728509e-01
-2.327035354560114566e+00 3.018309365576045122e-01
-2.313660429731161372e+00 3.657104051482090168e-01
-2.297708333916475887e+00 4.304548140828492464e-01
-2.279141669145126947e+00 4.961994328169184731e-01
-2.257917749299315435e+00 5.630726926038222002e-01
-2.233988902670168919e+00 6.311946046988975434e-01
-2.207302835676331565e+00 7.006749650947315944e-01
-2.177803113301232774e+00 7.716110944558570717e-01
-2.145429682821135664e+00 8.440855266078532981e-01
-2.110119518937259908e+00 9.181632653199502947e-01
-2.071807399201968547e+00 9.938886047922240730e-01
-2.030426796316719518e+00 1.071281681397502794e+00
-1.985910924758577112e+00 1.150334670338485354e+00
-1.938193941220176075e+00 1.231007622523119238e+00
-1.887212320043285541e+00 1.313224013942838830e+00
-1.832906413520630329e+00 1.396866128444647526e+00
-1.775222197063178298e+00 1.481770295608153765e+00
-1.714113206040307036e+00 1.567722216372928745e+00
-1.649542650567788149e+00 1.654452569002963669e+00
-1.581485710601494343e+00 1.741633038545638668e+00
-1.509931954063744142e+00 1.828873292522389837e+00
-1.434887874148045528e+00 1.915718978225811719e+00
-1.356379471274479664e+00 2.001651331534734179e+00
-1.274454796535374079e+00 2.086088736075491834e+00
-1.189186425655398782e+00 2.168390525304973782e+00
-1.100673679785452386e+00 2.247863567763028758e+00
-1.009044564606148109e+00 2.323771653142620686e+00
-9.144572570809201828e-01 2.395348130055101166e+00
-8.171010093395998375e-01 2.461811238972871241e+00
-7.171964060089213167e-01 2.522382436828935592e+00
-6.149948464925971692e-01 2.576306955936516818e+00
-5.107771266832865642e-01 2.622875525768796123e+00
-4.048511924930479067e-01 2.661446816037782437e+00
-2.975489698494889201e-01 2.691469060126578938e+00
-1.892223643363407648e-01 2.712499690389620355e+00
-8.023855700836707294e-02 2.724221773292451854e+00
2.902529784872270868e-02 2.726456175710925134e+00
1.381877561157017487e-01 2.719168557079271409e+00
2.468689310324542197e-01 2.702470690118531138e+00
3.546962781079326388e-01 2.676616114664400303e+00
4.613101013040840637e-01 2.641990318991586761e+00
5.663685632412690518e-01 2.599096156657074719e+00
6.695520299928648944e-01 2.548535551279666578e+00
7.705666353850324501e-01 2.490988688806888618e+00
8.691469746951351327e-01 2.427191807310133953e+00
9.650579009902238159e-01 2.357914958066824607e+00
1.058095449358207540e+00 2.283940790649368058e+00
1.148086952917188874e+00 2.206045169921857507e+00
1.234890418627764053e+00 2.124980331091173014e+00
1.318393290872729162e+00 2.041460961865841472e+00
1.398510719808250702e+00 1.956153322802212768e+00
1.475183453334839134e+00 1.869667338424227498e+00
1.548375466767003328e+00 1.782551560260733359e+00
1.618071444890706978e+00 1.695290593028641268e+00
1.684274204103794581e+00 1.608304633484208379e+00
1.747002129096044243e+00 1.521950737876183624e+00
1.806286692054139831e+00 1.436525438876942840e+00
1.862170096164536437e+00 1.352268309681536884e+00
1.914703073021038149e+00 1.269366183313871410e+00
1.963942863118593340e+00 1.187957733263204974e+00
2.009951382947855691e+00 1.108138202087480817e+00
2.052793570288120595e+00 1.029964109540703721e+00
2.092535926778797073e+00 9.534578263552064836e-01
2.129245243958853617e+00 8.786118040586764488e-01
2.162987473604745858e+00 8.053926273273432912e-01
2.193826772742579756e+00 7.337446051720377671e-01
2.221824675579888275e+00 6.635930535965891552e-01
2.247039391206188341e+00 5.948472427801984042e-01
2.269525214583878903e+00 5.274029438622691579e-01
2.289332030719386513e+00 4.611447134629962363e-01
2.306504906595155280e+00 3.959478515147022981e-01
2.321083753866634236e+00 3.316801044370475404e-01
2.333103057954032167e+00 2.682031485396300652e-01
2.342591659687506045e+00 2.053738607539599414e-01
2.349572586034946564e+00 1.430454367218794709e-01
2.354062923575000355e+00 8.106837065773593587e-02
2.356073726390569778e+00 1.929133664798585168e-02
2.355609961327630231e+00 -4.243800069569485245e-02
2.352670482142069641e+00 -1.042722146078347428e-01
2.347248034824069407e+00 -1.663633537466347734e-01
2.339329295663204800e+00 -2.288621600301849468e-01
2.328894938418712091e+00 -2.919172344119901896e-01
2.315919739162608959e+00 -3.556741226124867650e-01
2.300372719010410183e+00 -4.202742871916219647e-01
2.282217329469960809e+00 -4.858539366398813564e-01
2.261411691244473054e+00 -5.525426761385783259e-01
2.237908887885199594e+00 -6.204619504794798290e-01
2.211657328354887930e+00 -6.897232436062628036e-01
2.182601187870961912e+00 -7.604260049826441215e-01
2.150680935034506192e+00 -8.326552722930496975e-01
2.115833964361289343e+00 -9.064789652134884745e-01
2.077995341718858580e+00 -9.819448345815684487e-01
2.037098678267871943e+00 -1.059077038006444704e+00
1.993077153370450327e+00 -1.137872392631647855e+00
1.945864689663369784e+00 -1.218296241932781854e+00
1.895397302159066655e+00 -1.300278094942651341e+00
1.841614626353367701e+00 -1.383706973094039672e+00
1.784461636608965174e+00 -1.468426700674984264e+00
1.723890549060218769e+00 -1.554231208005366849e+00
1.659862921204987130e+00 -1.640860001794177458e+00
1.592351903550641046e+00 -1.727994235437153359e+00
1.521344648174741909e+00 -1.815253461781263900e+00
1.446844837131964212e+00 -1.902193367174519034e+00
1.368875247931705008e+00 -1.988305224436039298e+00
1.287480325520079960e+00 -2.073017046934313434e+00
1.202728653712653140e+00 -2.155697042880636793e+00
1.114715238240564066e+00 -2.235659727658343421e+00
1.023563492825902976e+00 -2.312174888624552338e+00
9.294267980800302587e-01 -2.384479647155072435e+00
8.324895178223743475e-01 -2.451793474965636044e+00
7.329673615234988393e-01 -2.513336048738890494e+00
6.311069737278622860e-01 -2.568347455925396261e+00
5.271846866743340465e-01 -2.616109854159592185e+00
4.215043865936100587e-01 -2.655969858630001568e+00
3.143944962923336250e-01 -2.687360278400672708e+00
2.062040955711232360e-01 -2.709820353161026762e+00
9.729831246206545325e-02 -2.723012564727246954e+00
-1.194688916847933685e-02 -2.726735653251883384e+00
-1.211503507889879899e-01 -2.720932406572721618e+00
-2.299315552608952318e-01 -2.705691922230867963e+00
-3.379164383907757863e-01 -2.681246106743718105e+00
-4.447429519390975194e-01 -2.647960661558885320e+00
-5.500661606406799242e-01 -2.606321223433133660e+00
-6.535627063232385403e-01 -2.556915580896040208e+00
-7.549344966530006085e-01 -2.500413124235026263e+00
-8.539115368387063532e-01 -2.437542805599099527e+00
-9.502538689042131503e-01 -2.369070834757314170e+00
-1.043752630076594912e+00 -2.295779220514948538e+00
-1.134230284917845610e+00 -2.218446067166999658e+00
-1.221540113711231168e+00 -2.137828302380564871e+00
-1.305565064319484492e+00 -2.054647274487755748e+00
-1.386216088434746307e+00 -1.969577393417151212e+00
-1.463430083499553724e+00 -1.883237796657344143e+00
-1.537167558455089678e+00 -1.796186860985903522e+00
-1.607410131427056355e+00 -1.708919258871867131e+00
-1.674157954458077802e+00 -1.621865204280896311e+00
-1.737427145329951905e+00 -1.535391482647825212e+00
-1.797247288458750925e+00 -1.449803870267248218e+00
-1.853659062531750834e+00 -1.365350578626033151e+00
-1.906712004466919685e+00 -1.282226380693736401e+00
-1.956462463018513009e+00 -1.200577166822179631e+00
-2.002971734574812590e+00 -1.120504657083426059e+00
-2.046304385965185269e+00 -1.042071122475125122e+00
-2.086526765156634156e+00 -9.653039708434082433e-01
-2.123705693440610887e+00 -8.902000729023844539e-01
-2.157907322967287378e+00 -8.167297964390034526e-01
-2.189196148821274779e+00 -7.448407070966479582e-01
-2.217634163978402739e+00 -6.744608948283566940e-01
-2.243280139348074353e+00 -6.055019506143938246e-01
-2.266189016186635818e+00 -5.378616019750163124e-01
-2.286411397971214843e+00 -4.714260211958359870e-01
-2.303993128405441571e+00 -4.060718343460743007e-01
-2.318974944700863627e+00 -3.416678677662502439e-01
-2.331392195738422046e+00 -2.780766560068987370e-01
-2.341274616673829634e+00 -2.151557475027049138e-01
-2.348646152363613737e+00 -1.527588464241650679e-01
-2.353524824794096304e+00 -9.073680889292842777e-02
-2.355922635083781636e+00 -2.893853839171143388e-02
-2.355845504035729121e+00 3.278819421068308870e-02
-2.353293240944834164e+00 9.459597508646142017e-02
-2.348259544688128919e+00 1.566369855314270754e-01
-2.340732036629414647e+00 2.190622250384709202e-01
-2.330692322256456617e+00 2.820206870025286916e-01
-2.318116091334194273e+00 3.456584590787523115e-01
-2.302973253018220312e+00 4.101177152187391317e-01
-2.285228114763891760e+00 4.755355690098059807e-01
-2.264839612621723841e+00 5.420427544367392159e-01
-2.241761595807476581e+00 6.097621026376175424e-01
-2.215943176682743765e+00 6.788067835808371253e-01
-2.187329159210089635e+00 7.492782774640840415e-01
-2.155860552998875690e+00 8.212640431414549580e-01
-2.121475186850773742e+00 8.948348678499711273e-01
-2.084108435675047666e+00 9.700418683143762211e-01
-2.043694075106168739e+00 1.046913132789272005e+00
-2.000165279546286978e+00 1.125450007971923183e+00
-1.953455777131002380e+00 1.205623052829620123e+00
-1.903501147225024503e+00 1.287367661146280096e+00
-1.850240359934198997e+00 1.370579519075293851e+00
-1.793617422021072771e+00 1.455109768047318175e+00
-1.733583297618622510e+00 1.540760474256156032e+00
-1.670097935648412912e+00 1.627279965150832286e+00
-1.603132512274864752e+00 1.714358732502016203e+00
-1.532671836252478492e+00 1.801626088781828949e+00
-1.458716834505559445e+00 1.888647818490564845e+00
-1.381287133740138007e+00 1.974925205375752446e+00
-1.300423621522341033e+00 2.059896024415730498e+00
-1.216190953540942310e+00 2.142937471226022961e+00
-1.128679868414175669e+00 2.223371945974763619e+00
-1.038009224065871594e+00 2.300475512931632771e+00
-9.443276349163171046e-01 2.373489472255339461e+00
-8.478145819640540148e-01 2.441634946497067915e+00
-7.486808814423118186e-01 2.504130314428876680e+00
-6.471684043522277774e-01 2.560211045422057019e+00
-5.435489639336459344e-01 2.609151243478155635e+00
-4.381223205953914679e-01 2.650285972345863605e+00
-3.312132947268262018e-01 2.683033241371393984e+00
-2.231680254524585350e-01 2.706914412248903279e+00
-1.143494652860020944e-01 2.721571762089642910e+00
-5.132246478834624759e-03 2.726782081746057962e+00
1.041029020295880236e-01 2.722465354242895597e+00
2.129749760582409501e-01 2.708687901707662604e+00
3.211085283958620695e-01 2.685659775154755735e+00
4.281392834013496573e-01 2.653726575328663628e+00
5.337193212179209834e-01 2.613356285428521275e+00
6.375216493345903235e-01 2.565122019835221145e+00
7.392440181597668136e-01 2.509681838767472417e+00
8.386118911994814296e-01 2.447756863669445782e+00
9.353805248567463870e-01 2.380108930574718951e+00
1.029336162094956819e+00 2.307518929171787025e+00
1.120296387854654574e+00 2.230766774903960137e+00
1.208109726862315325e+00 2.150613728319290985e+00
1.292654588029089613e+00 2.067787524331807347e+00
1.373837673136276472e+00 1.982970532767281302e+00
1.451591972199245628e+00 1.896790961247766916e+00
1.525874465845575401e+00 1.809816937313995400e+00
1.596663642021808549e+00 1.722553191451267063e+00
1.663956926590268948e+00 1.635439985490275250e+00
1.727768109483818870e+00 1.548853889245767501e+00
1.788124832499329964e+00 1.463110007967679760e+00
1.845066190546156504e+00 1.378465272507129136e+00
1.898640468166174156e+00 1.295122579361718262e+00
1.948903085939617252e+00 1.213235106948789666e+00
1.995914682418016506e+00 1.132911166083457433e+00
2.039739417199559313e+00 1.054218868276421084e+00
2.080443450118860227e+00 9.771907859847749345e-01
2.118093607114905463e+00 9.018282918160618333e-01
2.152756213234046534e+00 8.281056454101392017e-01
2.184496081999850237e+00 7.559737435774237513e-01
2.213375647825397863e+00 6.853635160209170518e-01
2.239454227934771335e+00 6.161889509557574307e-01
2.262787397990559057e+00 5.483497812265308857e-01
2.283426469187130881e+00 4.817338449671900724e-01
2.301418053745984071e+00 4.162191392270077617e-01
2.316803706923361794e+00 3.516756034407191311e-01
2.329619635994486071e+00 2.879666648645109461e-01
2.339896466594753477e+00 2.249505741050571994e-01
2.347659057921655634e+00 1.624815642876054067e-01
2.352926364552855532e+00 1.004108764406088233e-01
2.355711334157180925e+00 3.858766342963997065e-02
2.356020839595728500e+00 -2.314017842726415197e-02
2.353855646852625938e+00 -8.492523011911891351e-02
2.349210407720801363e+00 -1.469197864150071642e-01
2.342073690322070689e+00 -2.092750845053046871e-01
2.332428034853373688e+00 -2.721404880946829974e-01
2.320250047269541760e+00 -3.356626024829922894e-01
2.305510529873797232e+00 -3.999842847356437359e-01
2.288174651437653750e+00 -4.652435216779029492e-01
2.268202170825087016e+00 -5.315721389126513152e-01
2.245547709517011992e+00 -5.990943136136208658e-01
2.220161094835895632e+00 -6.679248520005048873e-01
2.191987772629983677e+00 -7.381672059741509750e-01
2.160969307020165431e+00 -8.099111919274581961e-01
2.127043979567325938e+00 -8.832303928134013216e-01
2.090147494955843843e+00 -9.581792093868019000e-01
2.050213817997559307e+00 -1.034789566999201549e+00
2.007176143262096257e+00 -1.113067248773311757e+00
1.960968025048064556e+00 -1.192987898593049101e+00
1.911524668210177857e+00 -1.274492715218590311e+00
1.858784402088287768e+00 -1.357483869496986850e+00
1.802690334539848172e+00 -1.441819844161224884e+00
1.743192205349270996e+00 -1.527310625771954866e+00
1.680248411636653616e+00 -1.613713236940144569e+00
1.613828233536643397e+00 -1.700727411885821549e+00
1.543914178951184546e+00 -1.787992266195430613e+00
1.470504485782371029e+00 -1.875083615964449058e+00
1.393615687533146685e+00 -1.961512806453642677e+00
1.313285185972611790e+00 -2.046727376376213936e+00
1.229573761403189192e+00 -2.130113704856748225e+00
1.142567931984831864e+00 -2.211002255553646823e+00
1.052382045036240443e+00 -2.288675660653552324e+00
9.591599744645866732e-01 -2.362379763638857710e+00
8.630763295849309680e-01 -2.431337748247776265e+00
7.643370287766857452e-01 -2.494767193765850877e+00
6.631791397512150077e-01 -2.551899504095740845e+00
5.598699066651158240e-01 -2.602001268375879306e+00
4.547048874982588251e-01 -2.644396584356582647e+00
3.480052098163206598e-01 -2.678489088253114936e+00
2.401139633962924291e-01 -2.703782728206358232e+00
1.313917941316281313e-01 -2.719899896566698949e+00
2.221186431581259613e-02 -2.726595640442442736e+00
-8.704566518450623791e-02 -2.723767219282097418e+00
-1.959994496655532437e-01 -2.711458119867896421e+00
-3.042727998495035058e-01 -2.689856231633860784e+00
-4.114993271422465182e-01 -2.659286801850073267e+00
-5.173282378143867488e-01 -2.620199732148267735e+00
-6.214289987442406238e-01 -2.573152949708035653e+00
-7.234952685662665584e-01 -2.518792690984772875e+00
-8.232480254800551567e-01 -2.457831682485803970e+00
-9.204377648132774370e-01 -2.391026863101193722e+00
-1.014845844968074839e+00 -2.319157516907277117e+00
-1.106284960681080509e+00 -2.243004947368996138e+00
-1.194598856162499390e+00 -2.163334388083792525e+00
-1.279661363365025561e+00 -2.080879673457816548e+00
-1.361374886055048750e+00 -1.996330920150603649e+00
-1.439668452389069708e+00 -1.910325259401529641e+00
-1.514495454190156964e+00 -1.823440487546157618e+00
-1.585831186952209704e+00 -1.736191369640925020e+00
-1.653670287653229209e+00 -1.649028229105587551e+00
-1.718024156847678841e+00 -1.562337472280366013e+00
-1.778918432759296175e+00 -1.476443613133681332e+00
-1.836390571980076380e+00 -1.391612432106869246e+00
-1.890487570725079891e+00 -1.308054937173908749e+00
-1.941263858680919885e+00 -1.225931793917200308e+00
-1.988779374530462718e+00 -1.145358018325895566e+00
-2.033097830805056017e+00 -1.066407713770914034e+00
-2.074285168185049155e+00 -9.891187048018758032e-01
-2.112408190754994752e+00 -9.134969565081435539e-01
-2.147533373979527482e+00 -8.395207050273931770e-01
-2.179725825287112784e+00 -7.671442756179834843e-01
-2.209048405068311460e+00 -6.963014990445279828e-01
-2.235560959183201302e+00 -6.269088365304718025e-01
-2.259319686974075925e+00 -5.588680767319184062e-01
-2.280376595473560641e+00 -4.920687811264454203e-01
-2.298779057629473321e+00 -4.263903552484304971e-01
-2.314569439434730036e+00 -3.617038926121167730e-01
-2.327784800796969478e+00 -2.978737445370102099e-01
-2.338456652794700830e+00 -2.347588882668343035e-01
-2.346610766517263080e+00 -1.722141177214819296e-01
-2.352267027033960733e+00 -1.100910763680942872e-01
-2.355439325737682665e+00 -4.823918859720854879e-02
-2.356135488495093355e+00 1.349350688358682583e-02
-2.354357236045078849e+00 7.525956582357215541e-02
-2.350100175414189252e+00 1.372113789124877470e-01
-2.343353821904326395e+00 1.995004003606457021e-01
-2.334101652675902638e+00 2.622763431963559544e-01
-2.322321193877082024e+00 3.256863060923640418e-01
-2.307984144016589134e+00 3.898738014072790636e-01
-2.291056539699257932e+00 4.549776592271592701e-01
-2.271498967921190992e+00 5.211307590931593126e-01
-2.249266832716793729e+00 5.884585820250383126e-01
-2.224310685187560477e+00 6.570775221071328831e-01
-2.196576625027001572e+00 7.270929473124849718e-01
-2.166006786647474147e+00 7.985969706283408964e-01
-2.132539920319374005e+00 8.716658928079261681e-01
-2.096112082127668419e+00 9.463573263892194332e-01
-2.056657448065613458e+00 1.022706935882976342e+00
-2.014109263083743606e+00 1.100724848115740340e+00
-1.968400943877954168e+00 1.180391698094017894e+00
-1.919467346119569484e+00 1.261654346784177871e+00
-1.867246203611856226e+00 1.344421402467782078e+00
-1.811679768056514872e+00 1.428558425105271645e+00
-1.752716609352233279e+00 1.513883332936807546e+00
-1.690313629474439860e+00 1.600161726463271483e+00
-1.624438251319021198e+00 1.687102561790354560e+00
-1.555070757182878793e+00 1.774354570752489035e+00
-1.482206763415852890e+00 1.861503590172004063e+00
-1.405859770945197651e+00 1.948071079064237932e+00
-1.326063750119605089e+00 2.033514408642768334e+00
-1.242875667188944933e+00 2.117229229209653063e+00
-1.156377878643979340e+00 2.198554308170021176e+00
-1.066680253274753909e+00 2.276779085175140604e+00
-9.739219591824421762e-01 2.351154298942219167e+00
-8.782727452953151825e-01 2.420905663175598743e+00
-7.799336243839197769e-01 2.485250417990120919e+00
-6.791368405771487371e-01 2.543416335604071765e+00
-5.761450217121431017e-01 2.594663140588552075e+00
-4.712494605152791616e-01 2.638304448525934820e+00
-3.647675004953359057e-01 2.673730001289452485e+00
-2.570390747021266686e-01 2.700426834385600827e+00
-1.484224045093093525e-01 2.717997758773123440e+00
-3.928904859934309601e-02 2.726176333078710989e+00
6.998154393941227736e-02 2.724837170384118767e+00
1.790078264264787777e-01 2.714000867499741343e+00
2.874119985637407226e-01 2.693833168235861386e+00
3.948257050743055885e-01 2.664638490585327535e+00
5.008953917200520412e-01 2.626848255852903602e+00
6.052870766345214149e-01 2.581004772995451280e+00
7.076904120781409846e-01 2.527741858656069152e+00
8.078219353082187748e-01 2.467763341129788124e+00
9.054274223034275426e-01 2.401820700891958538e+00
1.000283353347506399e+00 2.330691125216807436e+00
1.092197528439589727e+00 2.255156869941857600e+00
1.181008887095380100e+00 2.175986751936798136e+00
1.266586645986383264e+00 2.093920407797284611e+00
1.348828864833770735e+00 2.009655475420549120e+00
1.427660552757308521e+00 1.923837849773133435e+00
1.503031452138958279e+00 1.837054909621573584e+00
1.574913603531334916e+00 1.749831407501073022e+00
1.643298791047593133e+00 1.662627747772623010e+00
1.708195963415455765e+00 1.575840232776078320e+00
1.769628697169721709e+00 1.489802864077275579e+00
1.827632755510527840e+00 1.404790357968275005e+00
1.882253787555427271e+00 1.321021999231749344e+00
1.933545193097775616e+00 1.238666013056921145e+00
1.981566168586067489e+00 1.157844235495308904e+00
2.026379943711656750e+00 1.078636855812869166e+00
2.068052205484768535e+00 1.001087069390013351e+00
2.106649707238343439e+00 9.252055374414025479e-01
2.142239046095020250e+00 8.509745748877654004e-01
2.174885604837929698e+00 7.783520029890146352e-01
2.204652648625015754e+00 7.072746473154246649e-01
2.231600539745022704e+00 6.376614895166907715e-01
2.255786084904698008e+00 5.694164494462652382e-01
2.277261978279625954e+00 5.024308498422467295e-01
2.296076343035462042e+00 4.365855595006444823e-01
2.312272349237751268e+00 3.717528585752203907e-01
2.325887903377097832e+00 3.077980586894850656e-01
2.336955397614492114e+00 2.445808930530708469e-01
2.345501510696108127e+00 1.819567384830614865e-01
2.351547055600560654e+00 1.197776663099594241e-01
2.355106866021464462e+00 5.789339126886644538e-02
2.356189719134698990e+00 -3.847884913253971778e-03
2.354798291139088562e+00 -6.559867515370722268e-02
2.350929143779601826e+00 -1.275114464125455260e-01
2.344572741735547083e+00 -1.897378513160475899e-01
2.335713500808972221e+00 -2.524279300628642364e-01
2.324329870006505594e+00 -3.157292516931556881e-01
2.310394448797858047e+00 -3.797859573583691195e-01
2.293874145821246380e+00 -4.447376875072929225e-01
2.274730383621629493e+00 -5.107183427469613735e-01
2.252919356199205136e+00 -5.778546642628501484e-01
2.228392348450324523e+00 -6.462645879676338634e-01
2.201096126051990343e+00 -7.160553440080296150e-01
2.170973407262030808e+00 -7.873212759299679231e-01
