2.967059728390360362e+00 0.000000000000000000e+00
2.966755893070792460e+00 -1.516571914990516752e-02
2.965843341246601206e+00 -3.038368555111325975e-02
2.964318928267843489e+00 -4.570633934207066901e-02
2.962177402428120221e+00 -6.118642988607264632e-02
2.959411388713108604e+00 -7.687719504480405863e-02
2.956011365800449653e+00 -9.283252596568448978e-02
2.951965636223758960e+00 -1.091071304220596061e-01
2.947260290174037678e+00 -1.257566925503395827e-01
2.941879169037756370e+00 -1.428380194295170713e-01
2.935803805568075742e+00 -1.604092365648248919e-01
2.929013373074704329e+00 -1.785299367934019277e-01
2.921484629559568003e+00 -1.972612994889050841e-01
2.913191843686425475e+00 -2.166662754895748999e-01
2.904106724282137453e+00 -2.368097271080258082e-01
2.894198339457707547e+00 -2.577585691504103438e-01
2.883433031184759798e+00 -2.795818965728849026e-01
2.871774327097124768e+00 -3.023511068664056500e-01
2.859182845803434514e+00 -3.261400083619098722e-01
2.845616196664591424e+00 -3.510248990117013634e-01
2.831028881228778271e+00 -3.770846436942856816e-01
2.815372186952485922e+00 -4.044006975904009260e-01
2.798594085300790013e+00 -4.330571113408827610e-01
2.780639126974915332e+00 -4.631405027167344035e-01
2.761448341854430222e+00 -4.947399344756692741e-01
2.740959143126443287e+00 -5.279467867152553007e-01
2.719105237479757964e+00 -5.628545195059497797e-01
2.695816551016651630e+00 -5.995583320199786570e-01
2.671019167179410569e+00 -6.381547338810176218e-01
2.644635281320232068e+00 -6.787410234536302989e-01
2.616583186854239962e+00 -7.214145408037598850e-01
2.586777289423596748e+00 -7.662718019526508773e-01
2.555128160268884674e+00 -8.134074170024728767e-01
2.521542636030580375e+00 -8.629127812974918266e-01
2.485923981766497981e+00 -9.148744750705192219e-01
2.448172121301386284e+00 -9.693723728178631482e-01
2.408183949694551185e+00 -1.026477417560595740e+00
2.365853736856184497e+00 -1.086249037610493628e+00
2.321073652887042815e+00 -1.148732109611050545e+00
2.273734417724888157e+00 -1.213953510529301782e+00
2.223726098298183018e+00 -1.281918200025996102e+00
2.170939079531821747e+00 -1.352604812611572838e+00
2.115265194232564649e+00 -1.425960851459646239e+00
2.056599101811580343e+00 -1.501897337818100198e+00
1.994839874252214207e+00 -1.580283098847948375e+00
1.929892749580353284e+00 -1.660939075268550891e+00
1.861671223258699825e+00 -1.743632081527403344e+00
1.790099313968722239e+00 -1.828069041582620846e+00
1.715114080835354660e+00 -1.913891451288677104e+00
1.636668343941753534e+00 -2.000670645403763714e+00
1.554733572549034992e+00 -2.087904233423960143e+00
1.469302884195166303e+00 -2.175014190983033835e+00
1.380394079440448341e+00 -2.261347131761502371e+00
1.288052612643143302e+00 -2.346177298799283495e+00
1.192354378188792197e+00 -2.428712786086991038e+00
1.093408177647541057e+00 -2.508105390559490111e+00
9.913577137736704348e-01 -2.583464379314114989e+00
8.863829529422503350e-01 -2.653874219415316205e+00
7.787007008644393213e-01 -2.718416037386794049e+00
6.685642522442282187e-01 -2.776192245221936528e+00
5.562620046501774995e-01 -2.826353424209905096e+00
4.421149687009474638e-01 -2.868126191560304239e+00
3.264731679537712927e-01 -2.900840600845395745e+00
2.097109790214933822e-01 -2.923955237846489918e+00
9.222153979523559086e-02 -2.937078651308921540e+00
-2.558960683332144742e-02 -2.939985274311704977e+00
-1.433113685015534322e-01 -2.932624822192025249e+00
-2.605341989976724393e-01 -2.915124404831163751e+00
-3.768571243580882135e-01 -2.887783197660100498e+00
-4.918944144171575328e-01 -2.851060076568409762e+00
-6.052816316177608291e-01 -2.805555159231232221e+00
-7.166808404633533414e-01 -2.751986597163497805e+00
-8.257848178785022197e-01 -2.691164229927468288e+00
-9.323201732198749259e-01 -2.623961795388731311e+00
-1.036049352860374029e+00 -2.551289315425738558e+00
-1.136771565947737317e+00 -2.474067066833866235e+00
-1.234322713940596117e+00 -2.393202190266601637e+00
-1.328574458717273865e+00 -2.309568942186689178e+00
-1.419432568407609230e+00 -2.223992542489892532e+00
-1.506834693988059692e+00 -2.137237147154838812e+00
-1.590747748360976210e+00 -2.049997637946408435e+00
-1.671165021979208021e+00 -1.962894864685404306e+00
-1.748103171729846972e+00 -1.876473896746438941e+00
-1.821599190886627362e+00 -1.791204761980629279e+00
-1.891707448175375061e+00 -1.707485136656726521e+00
-1.958496873577593167e+00 -1.625644481840537781e+00
-2.022048315079751912e+00 -1.545949144797329033e+00
-2.082452125933734965e+00 -1.468608081118155884e+00
-2.139805984646736547e+00 -1.393778820470518820e+00
-2.194212953717442627e+00 -1.321573453578040791e+00
-2.245779773983278993e+00 -1.252064460691243886e+00
-2.294615390375772890e+00 -1.185290207923110017e+00
-2.340829688248357243e+00 -1.121260052651853911e+00
-2.384532425170918568e+00 -1.059959004226340040e+00
-2.425832340461266501e+00 -1.001351915787867197e+00
-2.464836423761910922e+00 -9.453871942293352593e-01
-2.501649322495224315e+00 -8.920000631547214676e-01
-2.536372871571551002e+00 -8.411153971197125045e-01
-2.569105728909809816e+00 -7.926501572673152474e-01
-2.599943101232753406e+00 -7.465154666211765155e-01
-2.628976544404180604e+00 -7.026183560402161632e-01
-2.656293832613068950e+00 -6.608632391988464860e-01
-2.681978876002699685e+00 -6.211531178161499023e-01
-2.706111686064797794e+00 -5.833905760557872577e-01
-2.728768375502086840e+00 -5.474785808038203916e-01
-2.750021185515263422e+00 -5.133211238277298749e-01
-2.769938539444668280e+00 -4.808237168147139196e-01
-2.788585109956660091e+00 -4.498937758755520711e-01
-2.806021901906492477e+00 -4.204409016534746968e-01
-2.822306344557374391e+00 -3.923770752712189003e-01
-2.837492388741928995e+00 -3.656167896436093301e-01
-2.851630610201869143e+00 -3.400771152721355217e-01
-2.864768312776806436e+00 -3.156777247606520342e-01
-2.876949632583156724e+00 -2.923408752230944319e-01
-2.888215640926274030e+00 -2.699913580165270721e-01
-2.898604444160640004e+00 -2.485564251740445540e-01
-2.908151280969761387e+00 -2.279656910200499598e-01
-2.916888614235714883e+00 -2.081510228248821814e-01
-2.924846219110910361e+00 -1.890464143875101310e-01
-2.932051265656248074e+00 -1.705878499740342835e-01
-2.938528395643758451e+00 -1.527131617431354005e-01
-2.944299793664773457e+00 -1.353618805315618956e-01
-2.949385252061206941e+00 -1.184750829188605109e-01
-2.953802230152797748e+00 -1.019952312710712267e-01
-2.957565906291269808e+00 -8.586601723002620923e-02
-2.960689223644163093e+00 -7.003220233345916479e-02
-2.963182930301318851e+00 -5.443945323906930478e-02
-2.965055612040833566e+00 -3.903418202846888063e-02
-2.966313719126810522e+00 -2.376338106601749017e-02
-2.966961586095230974e+00 -8.574462083859431261e-03
-2.967001445469572118e+00 6.584908590318074365e-03
-2.966433434578701789e+00 2.176697170686931262e-02
-2.965255596079022560e+00 3.702403931304500129e-02
-2.963463871810466443e+00 5.240865719925100197e-02
-2.961052090161530703e+00 6.797376837572749464e-02
-2.958011946867054487e+00 8.377287580306760906e-02
-2.954332979352624733e+00 9.986020485806121338e-02
-2.950002534505951068e+00 1.162908657603160117e-01
-2.945005729829397012e+00 1.331210172961809213e-01
-2.939325408232015935e+00 1.504080279855537772e-01
-2.932942087150812949e+00 1.682106252508263622e-01
-2.925833899666908877e+00 1.865890648705623156e-01
-2.917976529758499638e+00 2.056052910751284268e-01
-2.909343142603092236e+00 2.253230786768998795e-01
-2.899904310381252071e+00 2.458081529684432720e-01
-2.889627926989187578e+00 2.671283601363798610e-01
-2.878479124212730333e+00 2.893537754975475940e-01
-2.866420178206352087e+00 3.125568299573512343e-01
-2.853410409814403970e+00 3.368124289492238632e-01
-2.839406091728590376e+00 3.621979716078977951e-01
-2.824360341536915175e+00 3.887934333303789680e-01
-2.808223020412571991e+00 4.166813948874402707e-01
-2.790940624561664141e+00 4.459470460826975291e-01
-2.772456189010974015e+00 4.766780718172285991e-01
-2.752709180863205152e+00 5.089645768346722221e-01
-2.731635416002758276e+00 5.428988608635555435e-01
-2.709166965292983065e+00 5.785751946574063664e-01
-2.685232091009853495e+00 6.160894151773743666e-01
-2.659755192460067974e+00 6.555384430291631981e-01
-2.632656771920296013e+00 6.970196815390792278e-01
-2.603853426914541913e+00 7.406302491055664072e-01
-2.573257888038121610e+00 7.864659767508103139e-01
-2.540779089690337500e+00 8.346202476394413150e-01
-2.506322292204344659e+00 8.851825798359180819e-01
-2.469789280713225565e+00 9.382368766942743576e-01
-2.431078614175461006e+00 9.938594474972290982e-01
-2.390085992447260832e+00 1.052116569218977116e+00
-2.346704703043164919e+00 1.113061741576678143e+00
-2.300826193619054383e+00 1.176732481511997275e+00
-2.252340801940019510e+00 1.243146637947021738e+00
-2.201138586349464799e+00 1.312298328284303039e+00
-2.147110411866203439e+00 1.384153293019138475e+00
-2.090149180163180187e+00 1.458643765319430186e+00
-2.030151253455987348e+00 1.535663192872743776e+00
-1.967018136188535937e+00 1.615060397813508741e+00
-1.900658396479020462e+00 1.696633471582336128e+00
-1.830989805105509127e+00 1.780123934626011373e+00
-1.757941727476141303e+00 1.865210926501995381e+00
-1.681457724219173944e+00 1.951505976039597412e+00
-1.601498352693863980e+00 2.038548747044489406e+00
-1.518044121012959158e+00 2.125804085632133411e+00
-1.431098497407359282e+00 2.212661055746638628e+00
-1.340690938180737479e+00 2.298434280875933933e+00
-1.246879802285728811e+00 2.382368286857120765e+00
-1.149754998989465760e+00 2.463645277934966682e+00
-1.049440284027518988e+00 2.541396625305891721e+00
-9.460949954440718290e-01 2.614718449706489256e+00
-8.399150833051786114e-01 2.682690904144369615e+00
-7.311333100150587683e-01 2.744401287883785567e+00
-6.200184467007208156e-01 2.798969402591707567e+00
-5.068734393500428093e-01 2.845575527975039432e+00
-3.920324059257737637e-01 2.883487897022274371e+00
-2.758565837991033276e-01 2.912089492341271679e+00
-1.587292412367081185e-01 2.930901750330886291e+00
-4.104971754767493958e-02 2.939603690631364064e+00
7.677316832511543732e-02 2.938045165378376122e+00
1.943281223219140985e-01 2.926253138284556243e+00
3.112084728026431879e-01 2.904430564375887869e+00
4.270190801441897110e-01 2.872947911364063245e+00
5.413827674339002360e-01 2.832328001388828564e+00
6.539460268588157543e-01 2.783225304769013420e+00
7.643838110260967600e-01 2.726401168045902601e+00
8.724032784990539691e-01 2.662696640107605095e+00
9.777464278656196051e-01 2.593004554506773029e+00
1.080191625071955208e+00 2.518242448665525046e+00
1.179554084260850955e+00 2.439327588828626325e+00
1.275685406336925398e+00 2.357155059500546379e+00
1.368472312153273140e+00 2.272579518574729285e+00
1.457834722182858922e+00 2.186400900427421412e+00
1.543723342191841041e+00 2.099354065472986530e+00
1.626116909944166133e+00 2.012102129008415563e+00
1.705019241702913968e+00 1.925233072996906269e+00
1.780456200624846330e+00 1.839259145433319809e+00
1.852472687244046456e+00 1.754618510355133942e+00
1.921129733044357524e+00 1.671678628104573017e+00
1.986501755583399698e+00 1.590740867233758404e+00
2.048674011623996538e+00 1.512045933291539024e+00
2.107740301626272572e+00 1.435779669019413562e+00
2.163800861592699576e+00 1.362079152531142201e+00
2.216960549607508213e+00 1.291038558600808850e+00
2.267327234008630565e+00 1.222714880532872916e+00
2.315010409548462711e+00 1.157133294300997317e+00
2.360120027997730574e+00 1.094292018072743788e+00
2.402765502793945629e+00 1.034166826622036517e+00
2.443054894550935163e+00 9.767149985049313754e-01
2.481094240608714863e+00 9.218788302865119633e-01
2.516987017205990274e+00 8.695887335265808371e-01
2.550833718226785063e+00 8.197658640501023219e-01
2.582731530393670205e+00 7.723244100105249865e-01
2.612774094883268283e+00 7.271735215082603121e-01
2.641051337433036217e+00 6.842189281693732417e-01
2.667649360244127799e+00 6.433642949363079788e-01
2.692650382201778214e+00 6.045123313258232711e-01
2.716132718340956487e+00 5.675657002401702789e-01
2.738170794681310305e+00 5.324277436971780464e-01
2.758835186309547272e+00 4.990030594233029748e-01
2.778192677110158826e+00 4.671979472220273433e-01
2.796306335883010696e+00 4.369207417281789074e-01
2.813235602828294990e+00 4.080820559374921941e-01
2.829036383172123692e+00 3.805949511608729963e-01
2.843761145887987229e+00 3.543750430325023348e-01
2.857459033885098254e+00 3.293405276683641358e-01
2.870175963640753558e+00 3.054122016210469859e-01
2.881954725339139767e+00 2.825134351850774883e-01
2.892835092464410618e+00 2.605700914027687665e-01
2.902853911520308028e+00 2.395104678034526979e-01
2.912045205451452734e+00 2.192651689743810584e-01
2.920440258074467721e+00 1.997670045201541122e-01
2.928067703045983627e+00 1.809508493009902574e-01
2.934953602800485228e+00 1.627535087602181851e-01
2.941121522879586170e+00 1.451135721679868151e-01
2.946592600821917429e+00 1.279712605950627247e-01
2.951385608593836363e+00 1.112682719946729987e-01
2.955517008515406996e+00 9.494762289591698878e-02
2.959001002288401239e+00 7.895349032418519375e-02
2.961849575010265134e+00 6.323104822982571205e-02
2.964072531522778053e+00 4.772630774529124792e-02
2.965677526974506151e+00 3.238595272415983189e-02
2.966670090082284883e+00 1.715717878646336875e-02
2.967053641208514669e+00 1.987526987395162037e-03
2.966829502211403735e+00 -1.317527609856081194e-02
2.965996900428803595e+00 -2.838348129527995534e-02
2.964552966886125240e+00 -4.368948286221509270e-02
2.962492727010602511e+00 -5.914597834053712117e-02
2.959809085457789646e+00 -7.480613429385976620e-02
2.956492803905734768e+00 -9.072374817015591009e-02
2.952532472223591498e+00 -1.069534098013336515e-01
2.947914473765956167e+00 -1.235506660764359582e-01
2.942622943784641176e+00 -1.405721798723766069e-01
2.936639721335271958e+00 -1.580758918356727216e-01
2.929944294920351133e+00 -1.761211788890602037e-01
2.922513741988458147e+00 -1.947690086850504265e-01
2.914322661782609902e+00 -2.140820947165195942e-01
2.905343102731634097e+00 -2.341250409983569869e-01
2.895544483516726775e+00 -2.549644845897468537e-01
2.884893508733105794e+00 -2.766692294540683550e-01
2.873354080503800034e+00 -2.993103644142517950e-01
2.860887203427959324e+00 -3.229613759625070135e-01
2.847450887575862843e+00 -3.476982341609548555e-01
2.833000047296749813e+00 -3.735994609449292958e-01
2.817486396988311270e+00 -4.007461749791081385e-01
2.800858349077968157e+00 -4.292220887400305385e-01
2.783060908028397673e+00 -4.591134826992582241e-01
2.764035570293200461e+00 -4.905091145736413250e-01
2.743720228832378538e+00 -5.235000674719169078e-01
2.722049080464956639e+00 -5.581795417337813703e-01
2.698952551977835679e+00 -5.946425275039568525e-01
2.674357232104597415e+00 -6.329854034893648285e-01
2.648185826547371224e+00 -6.733053975784524248e-01
2.620357142261145356e+00 -7.156998849660007878e-01
2.590786089199109021e+00 -7.602655570770944227e-01
2.559383737014709226e+00 -8.070973432513663948e-01
2.526057406200865607e+00 -8.562871344358778947e-01
2.490710816374266390e+00 -9.079222440916734360e-01
2.453244317064154245e+00 -9.620835432290391065e-01
2.413555174739641984e+00 -1.018843293084818136e+00
2.371537976390505342e+00 -1.078262595237424737e+00
2.327085135069408839e+00 -1.140388424190856620e+00
2.280087514811592886e+00 -1.205250213160274919e+00
2.230435218427525790e+00 -1.272856064625808470e+00
2.178018524639255826e+00 -1.343188313720294458e+00
2.122729015138312469e+00 -1.416198771838022452e+00
2.064460898005958445e+00 -1.491803580129637430e+00
2.003112553463658685e+00 -1.569877491417656312e+00
1.938588308576088215e+00 -1.650248016212344959e+00
1.870800450445872842e+00 -1.732689419397255515e+00
1.799671479860529555e+00 -1.816916794761396003e+00
1.725136596934575994e+00 -1.902580500091373583e+00
1.647146395398902508e+00 -1.989261296889665687e+00
1.565669731716453850e+00 -2.076466604725440313e+00
1.480696712561595740e+00 -2.163628356150339549e+00
1.392241734164022304e+00 -2.250102918920629413e+00
1.300346463534458596e+00 -2.335173741745505183e+00
1.205082656938383900e+00 -2.418057114265447893e+00
1.106554676736196230e+00 -2.497911519238448452e+00
1.004901560548875139e+00 -2.573850870460911544e+00
9.002984711240260562e-01 -2.644961742134723792e+00
7.929573845553674616e-01 -2.710324360700200330e+00
6.831268685739750879e-01 -2.769036858463961970e+00
5.710908369510814264e-01 -2.820241919173021028e+00
4.571662076186029378e-01 -2.863154607569499355e+00
3.416994454937080095e-01 -2.897089899453610062e+00
2.250620377045134402e-01 -2.921488244319716543e+00
1.076450100493641926e-01 -2.935937501508670167e+00
-1.014733705770555494e-02 -2.940189681110154662e+00
-1.279042374206954547e-01 -2.934171248349879413e+00
-2.452155378244924855e-01 -2.917986210204739805e+00
-3.616787507064863627e-01 -2.891911743411859081e+00
-4.769057870185190451e-01 -2.856386728032399347e+00
-5.905291019353257065e-01 -2.811994010672556055e+00
-7.022070243215258190e-01 -2.759437724933995195e+00
-8.116281043732126443e-01 -2.699517261380452116e+00
-9.185143791266016100e-01 -2.633099574841772039e+00
-1.022623522248243821e+00 -2.561091465515644927e+00
-1.123749908794107188e+00 -2.484413264330755045e+00
-1.221724670060449158e+00 -2.403975083939815072e+00
-1.316414863410211966e+00 -2.320656451473792181e+00
-1.407721901971671796e+00 -2.235289770851886626e+00
-1.495579401046131851e+00 -2.148647756911513440e+00
-1.579950598843350873e+00 -2.061434717518921378e+00
-1.660825499288023588e+00 -1.974281361019181835e+00
-1.738217870357797512e+00 -1.887742692514816190e+00
-1.812162211337232431e+00 -1.802298457636131390e+00
-1.882710779950479196e+00 -1.718355605517815743e+00
-1.949930750057201623e+00 -1.636252257979852187e+00
-2.013901547751530963e+00 -1.556262727559916792e+00
-2.074712411956136204e+00 -1.478603149984045517e+00
-2.132460179397159816e+00 -1.403437451605731967e+00
-2.187247310040878912e+00 -1.330883327618311629e+00
-2.239180148061663100e+00 -1.261018147793703914e+00
-2.288367429618149540e+00 -1.193884428725962454e+00
-2.334918979862661281e+00 -1.129495059578701666e+00
-2.378944626743126012e+00 -1.067838001698958150e+00
-2.420553289051534662e+00 -1.008880511976490979e+00
-2.459852221205014455e+00 -9.525729686262000007e-01
-2.496946407173680438e+00 -8.988521504354068936e-01
-2.531938073000484568e+00 -8.476441388764435203e-01
-2.564926310461276504e+00 -7.988668103864167147e-01
-2.596006790757139804e+00 -7.524319427047330144e-01
-2.625271557570588943e+00 -7.082470182001936454e-01
-2.652808886288593460e+00 -6.662167184346878823e-01
-2.678703196074764481e+00 -6.262441691701949864e-01
-2.703035010435327568e+00 -5.882319596687860530e-01
-2.725880951629850113e+00 -5.520829673815470517e-01
-2.747313765907414940e+00 -5.177010185635976258e-01
-2.767402373404154403e+00 -4.849914014771276594e-01
-2.786211933731424395e+00 -4.538612650551346883e-01
-2.803803927681223218e+00 -4.242199099824408015e-01
-2.820236248609878871e+00 -3.959789935274796724e-01
-2.835563295275076001e+00 -3.690526811377758398e-01
-2.849836079017933343e+00 -3.433577055931757993e-01
-2.863102328619706149e+00 -3.188133937984876098e-01
-2.875406589378786126e+00 -2.953416673162220785e-01
-2.886790328419905904e+00 -2.728669887267305416e-01
-2.897292036235813661e+00 -2.513162886834274801e-01
-2.906947320249425815e+00 -2.306188835640139434e-01
-2.915789003739351237e+00 -2.107063482149957034e-01
-2.923847207931331127e+00 -1.915124090659479361e-01
-2.931149440588370680e+00 -1.729727952282130443e-01
-2.937720670239349019e+00 -1.550251069434170625e-01
-2.943583399682427437e+00 -1.376086606431736192e-01
-2.948757731344181288e+00 -1.206643390221163181e-01
-2.953261427490057045e+00 -1.041344319337938751e-01
-2.957109962503509326e+00 -8.796248043538577865e-02
-2.960316570248923806e+00 -7.209311441417336208e-02
-2.962892284499885953e+00 -5.647189178447666741e-02
-2.964845972929704754e+00 -4.104513597791184520e-02
-2.966184364375933136e+00 -2.575977345747054725e-02
-2.966912069825106357e+00 -1.056317053207731990e-02
-2.967031597359268691e+00 4.597031932055552217e-03
-2.966543358647589557e+00 1.977307643543686072e-02
-2.965445671111947235e+00 3.501725610557136076e-02
-2.963734752595654331e+00 5.038207696319117745e-02
-2.961404709501929577e+00 6.592041960550681923e-02
-2.958447518780917829e+00 8.168570498397220714e-02
-2.954853002536660167e+00 9.773205423463694752e-02
-2.950608796865787919e+00 1.141144528444441864e-01
-2.945700314053734559e+00 1.308889128936940871e-01
-2.940110698237293541e+00 1.481126320719120815e-01
-2.933820774468436365e+00 1.658441557205690975e-01
-2.926808991788915737e+00 1.841435324288997200e-01
-2.919051359779500476e+00 2.030724693657984525e-01
-2.910521378929563419e+00 2.226944839326022163e-01
-2.901189965493648604e+00 2.430750454773187297e-01
-2.891025369834283598e+00 2.642817167877297146e-01
-2.879993090486069107e+00 2.863842800182145321e-01
-2.868055782925937880e+00 3.094548523941378360e-01
-2.855173163029788519e+00 3.335679904395875695e-01
-2.841301909041714424e+00 3.588007644968543852e-01
-2.826395558126401308e+00 3.852328213802926338e-01
-2.810404402995161366e+00 4.129464088878599393e-01
-2.793275388930986924e+00 4.420263599970055135e-01
-2.774952008330946462e+00 4.725600472607766611e-01
-2.755374204385133918e+00 5.046372588956783423e-01
-2.734478275216019938e+00 5.383500289776397274e-01
-2.712196788140992521e+00 5.737923823132287104e-01
-2.688458510921245548e+00 6.110599658491120412e-01
-2.663188349075889860e+00 6.502496042016663313e-01
-2.636307316086651920e+00 6.914586819905361725e-01
-2.607732523681464354e+00 7.347843915823426553e-01
-2.577377203370789349e+00 7.803228064540507214e-01
-2.545150783571687558e+00 8.281677041379240656e-01
-2.510958997624455957e+00 8.784091954225466958e-01
-2.474704069309618948e+00 9.311320423709430472e-01
-2.436284968664705008e+00 9.864136645420855665e-01
-2.395597741280979687e+00 1.044321810539822426e+00
-2.352535962512641188e+00 1.104911838698954707e+00
-2.306991286776629124e+00 1.168223548707171933e+00
-2.258854140723001613e+00 1.234277587434138512e+00
-2.208014578798071614e+00 1.303071434062133660e+00
-2.154363299581814939e+00 1.374574813631784354e+00
-2.097792846243376363e+00 1.448724736378569133e+00
-2.038199034559323497e+00 1.525419997832141661e+00
-1.975482595693858201e+00 1.604515578810395304e+00
-1.909551058294304715e+00 1.685816656233193767e+00
-1.840320850314452805e+00 1.769072481751304160e+00
-1.767719665854334377e+00 1.853970645514918303e+00
-1.691689056003981673e+00 1.940131849535341013e+00
-1.612187186016269758e+00 2.027105386096910600e+00
-1.529191767299864502e+00 2.114366016965400608e+00
-1.442703082592450725e+00 2.201312721554189888e+00
-1.352747019449235255e+00 2.287269712319545789e+00
-1.259377977239872770e+00 2.371490355489082713e+00
-1.162681589906372048e+00 2.453164441792324624e+00
-1.062777060100061233e+00 2.531429269343252297e+00
-9.598189779635196706e-01 2.605384544374701683e+00
-8.539984578223894784e-01 2.674111221275287331e+00
-7.455434591751489704e-01 2.736694231176026726e+00
-6.347181174160579920e-01 2.792247673308602351e+00
-5.218210281274978657e-01 2.839942203822261924e+00
-4.071824384852462120e-01 2.879032999565676043e+00
-2.911602958649560646e-01 2.908886558192480098e+00
-1.741352941168636259e-01 2.929004939160988918e+00
-5.650503625249244516e-02 2.939045584082213391e+00
6.132251151192930072e-02 2.938835420880024696e+00
1.789359753665626385e-01 2.928378093633173140e+00
2.959276732112222641e-01 2.907853777747808177e+00
4.119005730104172702e-01 2.877611696214585901e+00
5.264747991482076062e-01 2.838155765719883039e+00
6.392934417835470784e-01 2.790124522131047780e+00
7.500274825737425211e-01 2.734266827906264297e+00
8.583796827495018267e-01 2.671414857737271387e+00
9.640873570573316176e-01 2.602456252274423232e+00
1.066924058207352033e+00 2.528306749653010943e+00
1.166700168494023471e+00 2.449885009111802958e+00
1.263262575372485763e+00 2.368090128838952868e+00
1.356493490715608763e+00 2.283782961409352996e+00
1.446308604403644615e+00 2.197771304243127499e+00
1.532654738365216485e+00 2.110799004320987216e+00
1.615507116316975411e+00 2.023538847555360398e+00
1.694866436531586862e+00 1.936588761024250482e+00
1.770755842977030925e+00 1.850470875541974536e+00
1.843217906538845652e+00 1.765632913906603152e+00
1.912311702983623185e+00 1.682451371780821603e+00
1.978110043521347894e+00 1.601235993443860695e+00
2.040696904328083594e+00 1.522235101099453480e+00
2.100165080193481693e+00 1.445641414825834525e+00
2.156614076489783649e+00 1.371598057274483695e+00
2.210148240069770509e+00 1.300204505718487225e+00
2.260875126729222639e+00 1.231522324253822465e+00
2.308904090176434831e+00 1.165580564084966353e+00
2.354345081863818745e+00 1.102380727307297636e+00
2.397307636973554867e+00 1.041901289534457264e+00
2.437900034461602417e+00 9.841017453787304081e-01
2.476228610742699399e+00 9.289261768052006207e-01
2.512397204736679601e+00 8.763063896839551337e-01
2.546506721868831313e+00 8.261646188423402704e-01
2.578654798591999420e+00 7.784158485261527538e-01
2.608935551955446908e+00 7.329697903653623614e-01
2.637439402834145685e+00 6.897325410328868367e-01
2.664252959538718546e+00 6.486079668528004216e-01
2.689458952055987950e+00 6.094988450923185530e-01
2.713136207768015673e+00 5.723078010988313924e-01
2.735359660941935722e+00 5.369380520776820820e-01
2.756200388933585543e+00 5.032940046326199734e-01
2.775725669878090329e+00 4.712817119252201148e-01
2.793999054139369775e+00 4.408092289086688043e-01
2.811080452881969727e+00 4.117868581997373156e-01
2.827026228661180252e+00 3.841273354858550926e-01
2.841889298917050333e+00 3.577459266552611150e-01
