3.141592653589793116e+00 0.000000000000000000e+00
3.141592653589793116e+00 -1.068941316557030617e-17
3.141592653589793116e+00 -2.137882633114060926e-17
3.141592653589793116e+00 -3.206823949671091389e-17
3.141592653589793116e+00 -4.275765266228121852e-17
3.141592653589793116e+00 -5.344706582785153547e-17
3.141592653589793116e+00 -6.413647899342184010e-17
3.141592653589793116e+00 -7.482589215899214473e-17
3.141592653589793116e+00 -8.551530532456246169e-17
3.141592653589793116e+00 -9.620471849013276632e-17
3.141592653589793116e+00 -1.068941316557030586e-16
3.141592653589793116e+00 -1.175835448212733879e-16
3.141592653589793116e+00 -1.282729579868436802e-16
3.141592653589793116e+00 -1.389623711524139725e-16
3.141592653589793116e+00 -1.496517843179843141e-16
3.141592653589793116e+00 -1.603411974835546064e-16
3.141592653589793116e+00 -1.710306106491249234e-16
3.141592653589793116e+00 -1.817200238146952403e-16
3.141592653589793116e+00 -1.924094369802655080e-16
3.141592653589793116e+00 -2.030988501458358249e-16
3.141592653589793116e+00 -2.137882633114061419e-16
3.141592653589793116e+00 -2.244776764769764589e-16
3.141592653589793116e+00 -2.351670896425467758e-16
3.141592653589793116e+00 -2.458565028081170435e-16
3.141592653589793116e+00 -2.565459159736873604e-16
3.141592653589793116e+00 -2.672353291392576774e-16
3.141592653589793116e+00 -2.779247423048279943e-16
3.141592653589793116e+00 -2.886141554703983113e-16
3.141592653589793116e+00 -2.993035686359686282e-16
3.141592653589793116e+00 -3.099929818015389452e-16
3.141592653589793116e+00 -3.206823949671092128e-16
3.141592653589793116e+00 -3.313718081326795298e-16
3.141592653589793116e+00 -3.420612212982498468e-16
3.141592653589793116e+00 -3.527506344638201637e-16
3.141592653589793116e+00 -3.634400476293904807e-16
3.141592653589793116e+00 -3.741294607949607483e-16
3.141592653589793116e+00 -3.848188739605310653e-16
3.141592653589793116e+00 -3.955082871261013822e-16
3.141592653589793116e+00 -4.061977002916716992e-16
3.141592653589793116e+00 -4.168871134572420161e-16
3.141592653589793116e+00 -4.275765266228122838e-16
3.141592653589793116e+00 -4.392440472933216724e-16
3.141592653589793116e+00 -4.545689549651536468e-16
3.141592653589793116e+00 -4.737043792313802660e-16
3.141592653589793116e+00 -4.966503200919825973e-16
3.141592653589793116e+00 -5.234067775469732625e-16
3.141592653589793116e+00 -5.539737515963522616e-16
3.141592653589793116e+00 -5.883512422401195946e-16
3.141592653589792672e+00 -6.265392494782626396e-16
3.141592653589792672e+00 -6.685377733107940186e-16
3.141592653589792672e+00 -7.143468137377074205e-16
3.141592653589792672e+00 -7.639663707590091563e-16
3.141592653589792228e+00 -8.173964443746992260e-16
3.141592653589792228e+00 -8.746370345847713187e-16
3.141592653589792228e+00 -9.356881413892254344e-16
3.141592653589791784e+00 -1.000549764788067884e-15
3.141592653589791784e+00 -1.069221904781292357e-15
3.141592653589791784e+00 -1.141704561368905163e-15
3.141592653589791340e+00 -1.217997734550893682e-15
3.141592653589791340e+00 -1.298101424327276845e-15
3.141592653589790896e+00 -1.382015630698048342e-15
3.141592653589790896e+00 -1.469740353663195551e-15
3.141592653589790451e+00 -1.561275593222731095e-15
3.141592653589790451e+00 -1.656621349376648661e-15
3.141592653589790007e+00 -1.755777622124960872e-15
3.141592653589790007e+00 -1.858744411467645639e-15
3.141592653589789563e+00 -1.965521717404721896e-15
3.141592653589789119e+00 -2.076109539936183332e-15
3.141592653589789119e+00 -2.190507879062029946e-15
3.141592653589788675e+00 -2.308716734782258582e-15
3.141592653589788231e+00 -2.430736107096872398e-15
3.141592653589788231e+00 -2.556565996005871391e-15
3.141592653589787787e+00 -2.686206401509258719e-15
3.141592653589787343e+00 -2.819657323607028070e-15
3.141592653589787343e+00 -2.956918762299182599e-15
3.141592653589786899e+00 -3.097990717585722306e-15
3.141592653589786455e+00 -3.242873189466640881e-15
3.141592653589786011e+00 -3.391566177941957256e-15
3.141592653589785566e+00 -3.544069683011649344e-15
3.141592653589785122e+00 -3.700383704675729765e-15
3.141592653589784678e+00 -3.860508242934189054e-15
3.141592653589784678e+00 -4.024443297787042987e-15
3.141592653589784234e+00 -4.192188869234272633e-15
3.141592653589783790e+00 -4.363744957275890612e-15
3.141592653589783346e+00 -4.539111561911896926e-15
3.141592653589782902e+00 -4.718288683142285262e-15
3.141592653589782458e+00 -4.901276320967058777e-15
3.141592653589782014e+00 -5.088074475386217470e-15
3.141592653589781126e+00 -5.278683146399761342e-15
3.141592653589780682e+00 -5.473102334007690392e-15
3.141592653589780237e+00 -5.671332038209998310e-15
3.141592653589779793e+00 -5.873372259006700872e-15
3.141592653589779349e+00 -6.079222996397782302e-15
3.141592653589778905e+00 -6.288884250383248911e-15
3.141592653589778461e+00 -6.502356020963100697e-15
3.141592653589777573e+00 -6.719638308137343974e-15
3.141592653589777129e+00 -6.940731111905962962e-15
3.141592653589776685e+00 -7.165634432268970284e-15
3.141592653589776241e+00 -7.394348269226362785e-15
3.141592653589775352e+00 -7.626872622778143619e-15
3.141592653589774908e+00 -7.863207492924297011e-15
3.141592653589774020e+00 -8.103352879664848202e-15
3.141592653589773576e+00 -8.347308782999781416e-15
3.141592653589773132e+00 -8.595075202929099809e-15
3.141592653589772244e+00 -8.846652139452800225e-15
3.141592653589771800e+00 -9.102039592570888975e-15
3.141592653589770912e+00 -9.361237562283359747e-15
3.141592653589770467e+00 -9.624246048590215699e-15
3.141592653589769579e+00 -9.891065051491456828e-15
3.141592653589769135e+00 -1.016169457098707998e-14
3.141592653589768247e+00 -1.043613460707709778e-14
3.141592653589767803e+00 -1.071438515976148813e-14
3.141592653589766915e+00 -1.099644622904027313e-14
3.141592653589766027e+00 -1.128231781491343700e-14
3.141592653589765582e+00 -1.157199991738098920e-14
3.141592653589764694e+00 -1.186549253644292342e-14
3.141592653589763806e+00 -1.216279567209924913e-14
3.141592653589763362e+00 -1.246390932434995056e-14
3.141592653589762474e+00 -1.276883349319503716e-14
3.141592653589761586e+00 -1.307756817863451841e-14
3.141592653589760697e+00 -1.339011338066837537e-14
3.141592653589760253e+00 -1.370646909929662697e-14
3.141592653589759365e+00 -1.402663533451925113e-14
3.141592653589758477e+00 -1.435061208633627310e-14
3.141592653589757589e+00 -1.467839935474766761e-14
3.141592653589756701e+00 -1.500999713975345678e-14
3.141592653589755813e+00 -1.534540544135362481e-14
3.141592653589754924e+00 -1.568462425954818433e-14
3.141592653589754036e+00 -1.602765359433711956e-14
3.141592653589753148e+00 -1.637449344572044313e-14
3.141592653589752260e+00 -1.672514381369815818e-14
3.141592653589751372e+00 -1.707960469827024579e-14
3.141592653589750483e+00 -1.743787609943673121e-14
3.141592653589749595e+00 -1.779995801719758917e-14
3.141592653589748707e+00 -1.816585045155284494e-14
3.141592653589747819e+00 -1.853555340250247642e-14
3.141592653589746931e+00 -1.890906687004649624e-14
3.141592653589746043e+00 -1.928639085418489808e-14
3.141592653589745154e+00 -1.966752535491769456e-14
3.141592653589744266e+00 -2.005247037224486044e-14
3.141592653589742934e+00 -2.044122590616641782e-14
3.141592653589742046e+00 -2.083379195668236668e-14
3.141592653589741158e+00 -2.123016852379268810e-14
3.141592653589740269e+00 -2.163035560749740732e-14
3.141592653589738937e+00 -2.203435320779650225e-14
3.141592653589738049e+00 -2.244216132468999183e-14
3.141592653589737161e+00 -2.285377995817785711e-14
3.141592653589735828e+00 -2.326920910826011389e-14
3.141592653589734940e+00 -2.368844877493674638e-14
3.141592653589733608e+00 -2.411149895820777667e-14
3.141592653589732720e+00 -2.453835965807317952e-14
3.141592653589731388e+00 -2.496903087453296754e-14
3.141592653589730499e+00 -2.540351260758715021e-14
3.141592653589729167e+00 -2.584180485723570860e-14
3.141592653589728279e+00 -2.628390762347866162e-14
3.141592653589726947e+00 -2.672982090631599036e-14
3.141592653589726059e+00 -2.717954470574771375e-14
3.141592653589724726e+00 -2.763307902177380969e-14
3.141592653589723838e+00 -2.809042385439430343e-14
3.141592653589722506e+00 -2.855157920360917288e-14
3.141592653589721174e+00 -2.901654506941842436e-14
3.141592653589720285e+00 -2.948532145182207048e-14
3.141592653589718953e+00 -2.995790835082009231e-14
3.141592653589717621e+00 -3.049738891532544313e-14
3.141592653589715844e+00 -3.132404248975481772e-14
3.141592653589713624e+00 -3.245680756393280154e-14
3.141592653589710515e+00 -3.389568413785979851e-14
3.141592653589707407e+00 -3.564067221153621251e-14
3.141592653589703410e+00 -3.769177178496083186e-14
3.141592653589698969e+00 -4.004898285813486825e-14
3.141592653589694084e+00 -4.271230543105751387e-14
3.141592653589688311e+00 -4.568173950372917264e-14
3.141592653589682538e+00 -4.895728507614984455e-14
3.141592653589675876e+00 -5.253894214831912569e-14
3.141592653589668771e+00 -5.642671072023822778e-14
3.141592653589661222e+00 -6.062059079190513131e-14
3.141592653589653228e+00 -6.512058236332185577e-14
3.141592653589644790e+00 -6.992668543448678558e-14
3.141592653589635464e+00 -7.503890000540113243e-14
3.141592653589625694e+00 -8.045722607606408852e-14
3.141592653589615480e+00 -8.618166364647605774e-14
3.141592653589604822e+00 -9.221221271663704011e-14
3.141592653589593720e+00 -9.854887328654663172e-14
3.141592653589581730e+00 -1.051916453562056404e-13
3.141592653589569295e+00 -1.121405289256132583e-13
3.141592653589556861e+00 -1.193955239947698893e-13
3.141592653589543094e+00 -1.269566305636755335e-13
3.141592653589529327e+00 -1.348238486323297869e-13
3.141592653589515116e+00 -1.429971782007330534e-13
3.141592653589500017e+00 -1.514766192688853331e-13
3.141592653589484474e+00 -1.602621718367866259e-13
3.141592653589468487e+00 -1.693538359044369319e-13
3.141592653589452055e+00 -1.787516114718358471e-13
3.141592653589435180e+00 -1.884554985389837755e-13
3.141592653589417417e+00 -1.984654971058807170e-13
3.141592653589399653e+00 -2.087816071725262677e-13
3.141592653589381001e+00 -2.194038287389212355e-13
3.141592653589361905e+00 -2.303321618050648125e-13
3.141592653589341921e+00 -2.415666063709578065e-13
3.141592653589321937e+00 -2.531071624365990059e-13
3.141592653589301065e+00 -2.649538300019896223e-13
3.141592653589280193e+00 -2.771066090671288480e-13
3.141592653589258433e+00 -2.895654996320170868e-13
3.141592653589236228e+00 -3.023305016966539349e-13
3.141592653589213135e+00 -3.154016152610402000e-13
3.141592653589190043e+00 -3.287788403251754782e-13
3.141592653589166062e+00 -3.424621768890597696e-13
3.141592653589141637e+00 -3.564516249526918624e-13
3.141592653589116768e+00 -3.707471845160737761e-13
3.141592653589091455e+00 -3.853488555792047030e-13
3.141592653589065254e+00 -4.002566381420846431e-13
3.141592653589039053e+00 -4.154705322047127884e-13
3.141592653589011963e+00 -4.309905377670903509e-13
3.141592653588984430e+00 -4.468166548292173303e-13
3.141592653588956452e+00 -4.629488833910921112e-13
3.141592653588927586e+00 -4.793872234527163091e-13
3.141592653588898720e+00 -4.961316750140895202e-13
3.141592653588868966e+00 -5.131822380752121483e-13
3.141592653588838768e+00 -5.305389126360825779e-13
3.141592653588808126e+00 -5.482016986967028284e-13
3.141592653588777040e+00 -5.661705962570716881e-13
3.141592653588745510e+00 -5.844456053171895610e-13
3.141592653588713091e+00 -6.030267258770556392e-13
3.141592653588680228e+00 -6.219139579366719423e-13
3.141592653588646922e+00 -6.411073014960364506e-13
3.141592653588613171e+00 -6.606067565551493663e-13
3.141592653588578976e+00 -6.804123231140119010e-13
3.141592653588543893e+00 -7.005240011726234488e-13
3.141592653588508366e+00 -7.209417907309838078e-13
3.141592653588472839e+00 -7.416656917890923722e-13
3.141592653588436423e+00 -7.626957043469507575e-13
3.141592653588399120e+00 -7.840318284045579539e-13
3.141592653588361816e+00 -8.056740639619141636e-13
3.141592653588323625e+00 -8.276224110190183766e-13
3.141592653588284989e+00 -8.498768695758722086e-13
3.141592653588245909e+00 -8.724374396324752556e-13
3.141592653588206385e+00 -8.953041211888261042e-13
3.141592653588166417e+00 -9.184769142449267736e-13
3.141592653588125561e+00 -9.419558188007766582e-13
3.141592653588084705e+00 -9.657408348563755559e-13
3.141592653588042960e+00 -9.898319624117216492e-13
3.141592653588000772e+00 -1.014229201466818371e-12
3.141592653587958139e+00 -1.038932552021663904e-12
3.141592653587914619e+00 -1.063942014076258047e-12
3.141592653587871098e+00 -1.089257587630600193e-12
3.141592653587826689e+00 -1.114879272684692563e-12
3.141592653587781836e+00 -1.140807069238533543e-12
3.141592653587736539e+00 -1.167040977292122527e-12
3.141592653587690354e+00 -1.193580996845461533e-12
3.141592653587644168e+00 -1.220427127898549350e-12
3.141592653587597095e+00 -1.247579370451386181e-12
3.141592653587549577e+00 -1.275037724503970813e-12
3.141592653587501616e+00 -1.302802190056305266e-12
3.141592653587453210e+00 -1.330872767108389136e-12
3.141592653587403916e+00 -1.359249455660221413e-12
3.141592653587354622e+00 -1.387932255711801694e-12
3.141592653587304440e+00 -1.416921167263131997e-12
3.141592653587253814e+00 -1.446216190314211314e-12
3.141592653587202744e+00 -1.475817324865038432e-12
3.141592653587151229e+00 -1.505724570915615573e-12
3.141592653587098827e+00 -1.535937928465941525e-12
3.141592653587045980e+00 -1.566457397516016490e-12
3.141592653586993134e+00 -1.597282978065839055e-12
3.141592653586938955e+00 -1.628414670115411845e-12
3.141592653586884776e+00 -1.659852473664733850e-12
3.141592653586830153e+00 -1.691596388713804464e-12
3.141592653586774642e+00 -1.723646415262622677e-12
3.141592653586718686e+00 -1.756002553311191317e-12
3.141592653586662287e+00 -1.788664802859508769e-12
3.141592653586605444e+00 -1.821633163907573820e-12
3.141592653586548156e+00 -1.854907636455388894e-12
3.141592653586489980e+00 -1.888488220502953385e-12
3.141592653586431805e+00 -1.922374916050266485e-12
3.141592653586372741e+00 -1.956567723097326982e-12
3.141592653586313233e+00 -1.991066641644138109e-12
3.141592653586253281e+00 -2.025871671690698248e-12
3.141592653586192441e+00 -2.060982813237006997e-12
3.141592653586131600e+00 -2.096400066283063143e-12
3.141592653586069872e+00 -2.132123430828869918e-12
3.141592653586007700e+00 -2.168152906874425707e-12
3.141592653585945083e+00 -2.204488494419728489e-12
3.141592653585881578e+00 -2.241130193464781899e-12
3.141592653585818073e+00 -2.278078004009584323e-12
3.141592653585753681e+00 -2.315331926054135760e-12
3.141592653585688844e+00 -2.352891959598434594e-12
3.141592653585618677e+00 -2.394302736237887550e-12
3.141592653585522310e+00 -2.455492454508571629e-12
3.141592653585397077e+00 -2.538388780559160759e-12
3.141592653585242534e+00 -2.642991714389654940e-12
3.141592653585059125e+00 -2.769301256000080022e-12
3.141592653584846406e+00 -2.917317405390384305e-12
3.141592653584604822e+00 -3.087040162560645338e-12
3.141592653584334371e+00 -3.278469527510785573e-12
3.141592653584035055e+00 -3.491605500240856708e-12
3.141592653583706429e+00 -3.726448080750858744e-12
3.141592653583348937e+00 -3.982997269040739981e-12
3.141592653582962580e+00 -4.261253065110552118e-12
3.141592653582546912e+00 -4.561215468960269307e-12
3.141592653582102379e+00 -4.882884480589943246e-12
3.141592653581628980e+00 -5.226260099999470537e-12
3.141592653581126271e+00 -5.591342327188954577e-12
3.141592653580594696e+00 -5.978131162158317819e-12
3.141592653580034256e+00 -6.386626604907611962e-12
3.141592653579444949e+00 -6.816828655436811156e-12
3.141592653578826333e+00 -7.268737313745941250e-12
3.141592653578178851e+00 -7.742352579834976395e-12
3.141592653577502059e+00 -8.237674453703916592e-12
3.141592653576796401e+00 -8.754702935352787688e-12
3.141592653576061878e+00 -9.293438024781563836e-12
3.141592653575298488e+00 -9.853879721990245035e-12
3.141592653574505789e+00 -1.043602802697883128e-11
3.141592653573684224e+00 -1.103988293974734844e-11
3.141592653572833793e+00 -1.166544446029582234e-11
3.141592653571954052e+00 -1.231271258862412374e-11
3.141592653571045446e+00 -1.298168732473238189e-11
3.141592653570107974e+00 -1.367236866862054509e-11
3.141592653569141191e+00 -1.438475662028866505e-11
3.141592653568145543e+00 -1.511885117973663835e-11
3.141592653567121030e+00 -1.587465234696454256e-11
3.141592653566067206e+00 -1.665216012197240352e-11
3.141592653564984960e+00 -1.745137450476011783e-11
3.141592653563872961e+00 -1.827229549532776303e-11
3.141592653562732540e+00 -1.911492309367533914e-11
3.141592653561562809e+00 -1.997925729980284615e-11
3.141592653560364212e+00 -2.086529811371020652e-11
3.141592653559136750e+00 -2.177304553539752363e-11
3.141592653557879977e+00 -2.270249956486474579e-11
3.141592653556594339e+00 -2.365366020211189885e-11
3.141592653555279391e+00 -2.462652744713893112e-11
3.141592653553936021e+00 -2.562110129994589428e-11
3.141592653552563341e+00 -2.663738176053276250e-11
3.141592653551161352e+00 -2.767536882889953577e-11
3.141592653549730940e+00 -2.873506250504626579e-11
3.141592653548271219e+00 -2.981646278897287500e-11
3.141592653546782632e+00 -3.091956968067941512e-11
3.141592653545264735e+00 -3.204438318016580860e-11
3.141592653543717972e+00 -3.319090328743218467e-11
3.141592653542142344e+00 -3.435913000247849164e-11
3.141592653540537849e+00 -3.554906332530470366e-11
3.141592653538904045e+00 -3.676070325591076903e-11
3.141592653537241375e+00 -3.799404979429676531e-11
3.141592653535549395e+00 -3.924910294046271833e-11
3.141592653533828550e+00 -4.052586269440849886e-11
3.141592653532078838e+00 -4.182432905613428784e-11
3.141592653530300261e+00 -4.314450202563995602e-11
3.141592653528492374e+00 -4.448638160292555510e-11
3.141592653526655621e+00 -4.584996778799100753e-11
3.141592653524790002e+00 -4.723526058083644256e-11
3.141592653522895073e+00 -4.864225998146175679e-11
3.141592653520971279e+00 -5.007096598986702777e-11
3.141592653519018619e+00 -5.152137860605212625e-11
3.141592653517037093e+00 -5.299349783001720734e-11
3.141592653515026257e+00 -5.448732366176220640e-11
3.141592653512986555e+00 -5.600285610128704588e-11
3.141592653510917543e+00 -5.754009514859186797e-11
3.141592653508819666e+00 -5.909904080367659511e-11
3.141592653506692923e+00 -6.067969306654125314e-11
3.141592653504537314e+00 -6.228205193718575161e-11
3.141592653502352395e+00 -6.390611741561021975e-11
3.141592653500138610e+00 -6.555188950181459294e-11
3.141592653497895959e+00 -6.721936819579892288e-11
3.141592653495623999e+00 -6.890855349756306740e-11
3.141592653493323173e+00 -7.061944540710719452e-11
3.141592653490993037e+00 -7.235204392443123961e-11
3.141592653488634479e+00 -7.410634904953513806e-11
3.141592653486246611e+00 -7.588236078241900618e-11
3.141592653483829878e+00 -7.768007912308279227e-11
3.141592653481383834e+00 -7.949950407152649634e-11
3.141592653478908925e+00 -8.134063562775004084e-11
3.141592653476405150e+00 -8.320347379175356794e-11
3.141592653473872065e+00 -8.508801856353700009e-11
3.141592653471310559e+00 -8.699426994310036314e-11
3.141592653468719742e+00 -8.892222793044355370e-11
3.141592653466099616e+00 -9.087189252556673977e-11
3.141592653463450624e+00 -9.284326372846983090e-11
3.141592653460772766e+00 -9.483634153915276246e-11
3.141592653458066042e+00 -9.685112595761568953e-11
3.141592653455330009e+00 -9.888761698385853459e-11
3.141592653452565109e+00 -1.009458146178812976e-10
3.141592653449771344e+00 -1.030257188596838752e-10
3.141592653446948269e+00 -1.051273297092664484e-10
3.141592653444096328e+00 -1.072506471666289524e-10
3.141592653441215521e+00 -1.093956712317713615e-10
3.141592653438305405e+00 -1.115624019046935981e-10
3.141592653435366422e+00 -1.137508391853958302e-10
3.141592653432398574e+00 -1.159609830738779932e-10
3.141592653429401860e+00 -1.181928335701399579e-10
3.141592653426375836e+00 -1.204463906741819310e-10
3.141592653423320947e+00 -1.227216543860038350e-10
3.141592653420236747e+00 -1.250186247056056441e-10
3.141592653417124126e+00 -1.273373016329872548e-10
3.141592653413981751e+00 -1.296776851681488998e-10
3.141592653410810954e+00 -1.320397753110904499e-10
3.141592653407610847e+00 -1.344235720618119050e-10
3.141592653404381874e+00 -1.368290754203131876e-10
3.141592653401124036e+00 -1.392562853865944787e-10
3.141592653397836887e+00 -1.417052019606557006e-10
3.141592653394520873e+00 -1.441758251424966984e-10
3.141592653391175993e+00 -1.466681549321177305e-10
3.141592653387801803e+00 -1.491821913295186935e-10
3.141592653384399192e+00 -1.517179343346994322e-10
3.141592653380966826e+00 -1.542753839476602053e-10
3.141592653377506039e+00 -1.568545401684009093e-10
3.141592653374015942e+00 -1.594554029969214925e-10
3.141592653370496979e+00 -1.620779724332220324e-10
3.141592653366948706e+00 -1.647222484773024515e-10
3.141592653363372012e+00 -1.673882311291625689e-10
3.141592653359667420e+00 -1.702166828868916197e-10
3.141592653355256726e+00 -1.740352270395833502e-10
3.141592653350045783e+00 -1.789790135786093271e-10
3.141592653344034591e+00 -1.850480425039694469e-10
3.141592653337222707e+00 -1.922423138156637097e-10
3.141592653329610574e+00 -2.005618275136923223e-10
3.141592653321198192e+00 -2.100065835980548711e-10
3.141592653311984673e+00 -2.205765820687507357e-10
3.141592653301971350e+00 -2.322718229257816738e-10
3.141592653291157333e+00 -2.450923061691467548e-10
3.141592653279543068e+00 -2.590380317988460823e-10
3.141592653267128110e+00 -2.741089998148794493e-10
3.141592653253912459e+00 -2.903052102172471661e-10
3.141592653239897004e+00 -3.076266630059488191e-10
3.141592653225080412e+00 -3.260733581809832709e-10
3.141592653209464014e+00 -3.456452957423532098e-10
3.141592653193046480e+00 -3.663424756900574985e-10
3.141592653175829142e+00 -3.881648980240960335e-10
3.141592653157811110e+00 -4.111125627444686082e-10
3.141592653138992386e+00 -4.351854698511753258e-10
3.141592653119373413e+00 -4.603836193442162897e-10
3.141592653098954191e+00 -4.867070112235891219e-10
3.141592653077734276e+00 -5.141556454892982685e-10
3.141592653055714113e+00 -5.427295221413416614e-10
3.141592653032893256e+00 -5.724286411797191972e-10
3.141592653009272151e+00 -6.032530026044309795e-10
3.141592652984850353e+00 -6.352026064154770081e-10
3.141592652959628307e+00 -6.682774526128570762e-10
3.141592652933606011e+00 -7.024775411965713908e-10
3.141592652906783023e+00 -7.378028721666166430e-10
3.141592652879159342e+00 -7.742534455229992435e-10
3.141592652850735412e+00 -8.118292612657158836e-10
3.141592652821511233e+00 -8.505303193947668734e-10
3.141592652791486362e+00 -8.903566199101519028e-10
3.141592652760661242e+00 -9.313081628118711786e-10
3.141592652729035429e+00 -9.733849480999247007e-10
3.141592652695914811e+00 -1.017602380901866476e-09
3.141592652657748452e+00 -1.069152570088609083e-09
3.141592652614036307e+00 -1.128766372861273348e-09
3.141592652564778376e+00 -1.196443789219860099e-09
3.141592652509975103e+00 -1.272184819164368508e-09
3.141592652449626044e+00 -1.355989462694798576e-09
3.141592652383731199e+00 -1.447857719811149475e-09
3.141592652312290568e+00 -1.547789590513413761e-09
3.141592652235304151e+00 -1.655785074801609631e-09
3.141592652152772391e+00 -1.771844172675724679e-09
3.141592652064694846e+00 -1.895966884135763866e-09
3.141592651971071515e+00 -2.028153209181724712e-09
3.141592651871902397e+00 -2.168403147813605562e-09
3.141592651767187494e+00 -2.316716700031409724e-09
3.141592651656927249e+00 -2.473093865835136373e-09
3.141592651541121217e+00 -2.637534645224768136e-09
3.141592651419769400e+00 -2.810039038200336447e-09
3.141592651292872240e+00 -2.990607044761827243e-09
3.141592651160428851e+00 -3.179238664909238871e-09
3.141592651022440119e+00 -3.375933898642572985e-09
3.141592650878905602e+00 -3.580692745961828757e-09
3.141592650729825298e+00 -3.793515206867007015e-09
3.141592650575199652e+00 -4.014401281358086251e-09
3.141592650415028221e+00 -4.243350969435106999e-09
3.141592650249310559e+00 -4.480364271098049405e-09
3.141592650078047999e+00 -4.725441186346913469e-09
3.141592649901239209e+00 -4.978581715181699192e-09
3.141592649718885077e+00 -5.239785857602406573e-09
3.141592649530984716e+00 -5.509053613609037267e-09
3.141592649337539012e+00 -5.786384983201563150e-09
3.141592649138547966e+00 -6.071779966380035507e-09
3.141592648934010690e+00 -6.365238563144430349e-09
3.141592648723928072e+00 -6.666760773494746850e-09
3.141592648508299668e+00 -6.976346597430984182e-09
3.141592648287125478e+00 -7.293996034953144827e-09
3.141592648060405502e+00 -7.619709086061225476e-09
3.141592647824175799e+00 -7.959978224828831415e-09
3.141592647560713658e+00 -8.343830688487521028e-09
3.141592647267887450e+00 -8.774757626955069574e-09
3.141592646945696732e+00 -9.252759040231447276e-09
3.141592646594142391e+00 -9.777834928316652477e-09
3.141592646213223539e+00 -1.034998529121068683e-08
3.141592645802940620e+00 -1.096921012891355035e-08
3.141592645363293634e+00 -1.163550944142524136e-08
3.141592644894282582e+00 -1.234888322874569369e-08
3.141592644393759848e+00 -1.311176699451209378e-08
3.141592643852434641e+00 -1.393469763016792869e-08
3.141592643269233598e+00 -1.481889157953566124e-08
3.141592642644157607e+00 -1.576434884261529307e-08
3.141592641977206668e+00 -1.677106941940682586e-08
3.141592641268379893e+00 -1.783905330991025628e-08
3.141592640517678170e+00 -1.896830051412548176e-08
3.141592639725101499e+00 -2.015881103205270415e-08
3.141592638890648992e+00 -2.141058486369182417e-08
3.141592638009351734e+00 -2.273083708369201466e-08
3.141592637060400595e+00 -2.414978116719344542e-08
3.141592636041490749e+00 -2.567076279501975319e-08
