7.853981633974482790e-01 0.000000000000000000e+00
7.841615392677256935e-01 -6.169482994589393227e-02
7.804547282006344400e-01 -1.232368037485017109e-01
7.742869320104166508e-01 -1.844722973399358645e-01
7.656735360571911286e-01 -2.452462308655705414e-01
7.546361817493373314e-01 -3.054014115238614657e-01
7.412028629238313071e-01 -3.647779608144514629e-01
7.254080429739109270e-01 -4.232128618458063096e-01
7.072927874469537857e-01 -4.805396541775214803e-01
6.869049045170567691e-01 -5.365882729788170602e-01
6.642990919859208532e-01 -5.911851307679236722e-01
6.395370710557228833e-01 -6.441533444595253233e-01
6.126877106202401890e-01 -6.953132180890818637e-01
5.838271271350862213e-01 -7.444829502284313616e-01
5.530387503401277272e-01 -7.914795774131017092e-01
5.204133471626708474e-01 -8.361201457852798224e-01
4.860489941757696886e-01 -8.782231012494329248e-01
4.500509875115459302e-01 -9.176098741145513049e-01
4.125316994537565063e-01 -9.541066692714790243e-01
3.736103329500352621e-01 -9.875463203535971290e-01
3.334126307042117321e-01 -1.017770343854412785e+00
2.920704745887260367e-01 -1.044630901309564708e+00
2.497214290419496607e-01 -1.067992915675487264e+00
2.065081790832983821e-01 -1.087735902376603114e+00
1.625779182563155123e-01 -1.103755886412637999e+00
1.180816502161223386e-01 -1.115967016268829104e+00
7.317342921724996618e-02 -1.124302929315528887e+00
2.800956304148545864e-02 -1.128717863748811334e+00
-1.725223319958933341e-02 -1.129187433434237553e+00
-6.245370520437959483e-02 -1.125709041164049351e+00
-1.074369301178540737e-01 -1.118301916141924091e+00
-1.520451884528568054e-01 -1.107006794322572985e+00
-1.961238151740171964e-01 -1.091885227108460255e+00
-2.395210120465741666e-01 -1.073018554043955408e+00
-2.820886146944592832e-01 -1.050506585419730188e+00
-3.236828045391635933e-01 -1.024466017245089899e+00
-3.641647494008983799e-01 -9.950286457395480788e-01
-4.034011688746831914e-01 -9.623394549195872782e-01
-4.412648249980896109e-01 -9.265545945821767049e-01
-4.776349281605796193e-01 -8.878393370190192924e-01
-5.123974617169437806e-01 -8.463660856684624978e-01
-5.454454301632007951e-01 -8.023124418261566859e-01
-5.766790286012271061e-01 -7.558593793183467913e-01
-6.060057475437964358e-01 -7.071896635052207225e-01
-6.333404123917123485e-01 -6.564863750921070551e-01
-6.586051731079842764e-01 -6.039316893845544376e-01
-6.817294462163395741e-01 -5.497058696063171768e-01
-7.026498206060113327e-01 -4.939865258808316950e-01
-7.213099426559496097e-01 -4.369480615424144454e-01
-7.376603787375400900e-01 -3.787613837886490975e-01
-7.516584731910951334e-01 -3.195938055931927813e-01
-7.632682053361619090e-01 -2.596091384251756895e-01
-7.724600548363521613e-01 -1.989679732717189731e-01
-7.792108794964371921e-01 -1.378280928612089506e-01
-7.835038138009307040e-01 -7.634501996514973798e-02
-7.853281914290457522e-01 -1.467265408286202305e-02
-7.846794925463045356e-01 4.703602606091407401e-02
-7.815593235677164019e-01 1.086282186016337414e-01
-7.759754234963732733e-01 1.699505529346123089e-01
-7.679417005759656689e-01 2.308483631945443260e-01
-7.574783038289928383e-01 2.911650138360233897e-01
-7.446117058208617800e-01 3.507413095184903629e-01
-7.293748214983410971e-01 4.094150145106371652e-01
-7.118071330261219742e-01 4.670205027604080184e-01
-6.919548346844460740e-01 5.233885790301285867e-01
-6.698709718501612009e-01 5.783464721923162744e-01
-6.456155847068552056e-01 6.317180484695043008e-01
-6.192558324651251667e-01 6.833242213589870717e-01
-5.908661017334507770e-01 7.329836186306636359e-01
-5.605280795856149023e-01 7.805134505095562281e-01
-5.283307891779170928e-01 8.257306485966787735e-01
-4.943705754536250052e-01 8.684531831550602599e-01
-4.587510314768266095e-01 9.085016340115541489e-01
-4.215828625489918546e-01 9.457008904631655222e-01
-3.829836725850112589e-01 9.798820476763231424e-01
-3.430776808216159934e-01 1.010884358267182259e+00
-3.019953488048937040e-01 1.038557282529020132e+00
-2.598729363979890850e-01 1.062762504557774212e+00
-2.168519658780109216e-01 1.083375915524260602e+00
-1.730786207480577432e-01 1.100289469325987479e+00
-1.287030621296723631e-01 1.113412859370534802e+00
-8.387869235543368718e-02 1.122674983350234301e+00
-3.876135740487971632e-02 1.128025095805250233e+00
6.491485236977137530e-03 1.129433684654228554e+00
5.172162926936575700e-02 1.126892944680863762e+00
9.677099465392169364e-02 1.120416939468733775e+00
1.414824979925970727e-01 1.110041333674658848e+00
1.857009125955068340e-01 1.095822789196520430e+00
2.292736814182309291e-01 1.077838080467896420e+00
2.720517107099283960e-01 1.056182765926517719e+00
3.138900913272729687e-01 1.030969654230038168e+00
3.546487483414846875e-01 1.002327140383468596e+00
3.941930333448970813e-01 9.703972540190896057e-01
4.323942335440051910e-01 9.353336670519862839e-01
4.691299942912277032e-01 8.972996729429412177e-01
5.042846611490772180e-01 8.564661586717987607e-01
5.377495524276884042e-01 8.130096539516031839e-01
5.694231427558771319e-01 7.671104976288929400e-01
5.992111813593200553e-01 7.189511677869314665e-01
6.270267508043925186e-01 6.687147799003658744e-01
6.527902628824373554e-01 6.165838222120649803e-01
6.764294135622591631e-01 5.627390919816082082e-01
6.978790968664323469e-01 5.073588831692987799e-01
7.170812928514592732e-01 4.506184027828251670e-01
7.339849355239691509e-01 3.926894030012732517e-01
7.485457707755721612e-01 3.337400502760556331e-01
7.607262133677694660e-01 2.739349692112169055e-01
7.704952091702480521e-01 2.134354900496232554e-01
7.778281099531825227e-01 1.524000126785695630e-01
7.827065665012878926e-01 9.098454202403358226e-02
7.851184438217881922e-01 2.934330080337264890e-02
7.850577640009122060e-01 -3.237057835918177168e-02
7.825246776850829367e-01 -9.400432201046683700e-02
7.775254637179190853e-01 -1.554047610873089125e-01
7.700725597830487823e-01 -2.164175999658939642e-01
7.601846222346934079e-01 -2.768867282326167856e-01
7.478866114496525164e-01 -3.366536091763047689e-01
7.332098990487605494e-01 -3.955567650518900802e-01
7.161923939643948245e-01 -4.534314000598950178e-01
6.968786811443320461e-01 -5.101091731357206838e-01
6.753201647421865905e-01 -5.654181554378283625e-01
6.515752094811886330e-01 -6.191829799128777401e-01
6.257092718843774160e-01 -6.712252133213654215e-01
5.977950123359760948e-01 -7.213639512065175285e-01
5.679123766470765000e-01 -7.694166574673698689e-01
5.361486444315950450e-01 -8.152002062816415817e-01
5.025984224060696670e-01 -8.585321984378255777e-01
4.673635924684064746e-01 -8.992324327624564573e-01
4.305531829190672455e-01 -9.371246195128988266e-01
3.922831831372495248e-01 -9.720381953176616685e-01
3.526762674042721590e-01 -1.003810294282716509e+00
3.118614527303916195e-01 -1.032287763558339622e+00
2.699736643400207914e-01 -1.057329197592918213e+00
2.271532262225010868e-01 -1.078806938916982761e+00
1.835452728198571359e-01 -1.096608959601738986e+00
1.392990837045554875e-01 -1.110640593361765793e+00
9.456736219634385987e-02 -1.120826059233156702e+00
4.950544686414205114e-02 -1.127109671290325466e+00
4.270490190816477252e-03 -1.129456825100477291e+00
-4.097940012503147045e-02 -1.127854510251659947e+00
-8.608603531145334053e-02 -1.122311617118597171e+00
-1.308920139450532316e-01 -1.112858698405112312e+00
-1.752415897590852145e-01 -1.099547514401362669e+00
-2.189815034815742745e-01 -1.082450170737832451e+00
-2.619617713688764948e-01 -1.061657871078469650e+00
-3.040364228581913797e-01 -1.037279473638948790e+00
-3.450641791823979565e-01 -1.009439842992849057e+00
-3.849090536966475184e-01 -9.782779468659327238e-01
-4.234408812359053975e-01 -9.439448699188799363e-01
-4.605357609079594461e-01 -9.066017996570625570e-01
-4.960764182729263116e-01 -8.664180058441022236e-01
-5.299524940446853627e-01 -8.235688433886655391e-01
-5.620607491562064073e-01 -7.782339050817582704e-01
-5.923051962431065132e-01 -7.305952999284034410e-01
-6.205971714620286406e-01 -6.808361214304647913e-01
-6.468553480783034715e-01 -6.291391064125622101e-01
-6.710056968848944203e-01 -5.756855372225404555e-01
-6.929814095388229234e-01 -5.206543664054936738e-01
-7.127227921684676781e-01 -4.642215733211168538e-01
-7.301771398725225293e-01 -4.065597541606771337e-01
-7.452985912020596571e-01 -3.478379301628595210e-01
-7.580479890268172483e-01 -2.882215512436840932e-01
-7.683927374866600379e-01 -2.278726985157231155e-01
-7.763066767715324223e-01 -1.669504258086885740e-01
-7.817699676526908004e-01 -1.056112595869967974e-01
-7.847690046768917016e-01 -4.400978301907296913e-02
-7.852963496787070952e-01 1.770067513933984774e-02
-7.833506976116062503e-01 7.936732494101478297e-02
-7.789368683266166826e-01 1.408371566072867120e-01
-7.720658314652966148e-01 2.019562094983397560e-01
-7.627547581814136946e-01 2.625688626858796448e-01
-7.510271010774537404e-01 3.225172073219823021e-01
-7.369126966776713417e-01 3.816405039967041835e-01
-7.204478878356564975e-01 4.397747731208956345e-01
-7.016756594472166597e-01 4.967525272158672123e-01
-6.806457813337924989e-01 5.524026842880295218e-01
-6.574149510865741064e-01 6.065506692092059726e-01
-6.320469281853583476e-01 6.590187338015660590e-01
-6.046126514463857626e-01 7.096264952263858783e-01
-5.751903294611131479e-01 7.581917140683371859e-01
-5.438654960125940407e-01 8.045312991791108148e-01
-5.107310197449859146e-01 8.484625476563459889e-01
-4.758870606030121686e-01 8.898045924469190071e-01
-4.394409635883018694e-01 9.283800494655310986e-01
-4.015070836422933165e-01 9.640168211160404788e-01
-3.622065353502747498e-01 9.965500306913084305e-01
-3.216668633580745396e-01 1.025824029414166949e+00
-2.800216329050732034e-01 1.051694438872760706e+00
-2.374099345762246127e-01 1.074030153815451083e+00
-1.939758142402122354e-01 1.092715268824766550e+00
-1.498676328341287112e-01 1.107650849726461217e+00
-1.052373461525851761e-01 1.118756486518038606e+00
-6.023974169627063779e-02 1.125971644969712804e+00
-1.503161610656655878e-02 1.129256609877200779e+00
3.022907182346848409e-02 1.128593238839688206e+00
7.538407061599036729e-02 1.123985182175152975e+00
1.202757167809891947e-01 1.115457903693726660e+00
1.647477924935073501e-01 1.103058184494661420e+00
2.086463740316683024e-01 1.086853370918903439e+00
2.518206282682291519e-01 1.066930251673252394e+00
2.941235666298801510e-01 1.043393642525540788e+00
3.354127398548453765e-01 1.016364765853489782e+00
3.755508489795083560e-01 9.859794060671019933e-01
4.144063048212419664e-01 9.523859462956325572e-01
4.518536761219560383e-01 9.157433785557442807e-01
4.877740889501386845e-01 8.762192061553023548e-01
5.220555164567978190e-01 8.339875393329425624e-01
5.545930109547043685e-01 7.892271248126130345e-01
5.852888563914068198e-01 7.421195975669384604e-01
6.140526444050553589e-01 6.928479436007508596e-01
6.408013020065458365e-01 6.415951187666992794e-01
6.654590718984139119e-01 5.885428280546904922e-01
6.879574417509575213e-01 5.338706352538751254e-01
7.082350351679078670e-01 4.777552785210485431e-01
7.262374951006853596e-01 4.203701882653635979e-01
7.419173492319928176e-01 3.618852359371984573e-01
7.552338601977648391e-01 3.024667105037723847e-01
7.661528828528911816e-01 2.422774682160151460e-01
7.746467370605093494e-01 1.814772462543631781e-01
7.806940925383729635e-01 1.202231158804480671e-01
7.842798679265600148e-01 5.867006724882974089e-02
7.853951624120117936e-01 -3.028338824444656852e-03
7.840372146428470357e-01 -6.471924964912283140e-02
7.802093882898287758e-01 -1.262497775176952552e-01
7.739211866721080746e-01 -1.874662507248618937e-01
7.651883009532903790e-01 -2.482135080030292706e-01
7.540326815571718466e-01 -3.083342338240105396e-01
7.404826368675332393e-01 -3.676684060506045792e-01
7.245729511298732994e-01 -4.260528432394418141e-01
7.063450175145978838e-01 -4.833209096166664054e-01
6.858469798508933790e-01 -5.393023731345232274e-01
6.631338757898026515e-01 -5.938234711838648039e-01
6.382677749842986525e-01 -6.467071660334734462e-01
6.113178997123962510e-01 -6.977736438728037172e-01
5.823607244700781393e-01 -7.468410196315259375e-01
5.514800379870925529e-01 -7.937263054428120856e-01
5.187669679288644531e-01 -8.382465777051597566e-01
4.843199470686205821e-01 -8.802203953128647784e-01
4.482446265690281373e-01 -9.194693842612408075e-01
4.106537134987808257e-01 -9.558200220279449155e-01
3.716667433150379063e-01 -9.891055335504694845e-01
3.314097652805197969e-01 -1.019167892420290933e+00
2.900149547847420406e-01 -1.045859857041916863e+00
2.476201374126736909e-01 -1.069046986645398434e+00
2.043682385788179734e-01 -1.088609597280387753e+00
1.604066543895776298e-01 -1.104444563659661371e+00
1.158865543757807842e-01 -1.116466952511141253e+00
7.096212509724310336e-02 -1.124611389672550033e+00
2.578976164408474520e-02 -1.128833148304954515e+00
-1.947277417826584478e-02 -1.129108906021755176e+00
-6.466722245586148388e-02 -1.125437130114461892e+00
-1.096356998869727900e-01 -1.117838124455258431e+00
-1.542215680207666140e-01 -1.106353655369624267e+00
-1.982702838230749054e-01 -1.091046279345091463e+00
-2.416302061565395176e-01 -1.071998266525408194e+00
-2.841533707337143833e-01 -1.049310299957983750e+00
-3.256961901158931805e-01 -1.023099864500273792e+00
-3.661200895646731235e-01 -9.934994485189431179e-01
-4.052920748827048003e-01 -9.606546243338407454e-01
-4.430852159435666460e-01 -9.247220440327280633e-01
-4.793790483514410727e-01 -8.858673777403406335e-01
-5.140598950010337731e-01 -8.442633264497889645e-01
-5.470211094236308025e-01 -8.000876921887027926e-01
-5.781632433373635749e-01 -7.535215957851597590e-01
-6.073941470848850388e-01 -7.047478371628452809e-01
-6.346290070413709294e-01 -6.539494742688595208e-01
-6.597903310803633348e-01 -6.013086071791882148e-01
-6.828078891627494817e-01 -5.470053898666327186e-01
-7.036186209828491078e-01 -4.912172793163838147e-01
-7.221665144480965415e-01 -4.341185179635833058e-01
-7.384024718096963147e-01 -3.758798375523310087e-01
-7.522841656025169854e-01 -3.166683747930911230e-01
-7.637758995580495869e-01 -2.566477739894404975e-01
-7.728484668248887246e-01 -1.959784799139898115e-01
-7.794790366593317144e-01 -1.348181467800242117e-01
-7.836510483227769885e-01 -7.332220723567267617e-02
-7.853541389309599552e-01 -1.164449278806857502e-02
-7.845840890846076388e-01 5.006203866114389972e-02
-7.813428055807126738e-01 1.116445790789131892e-01
-7.756383289624106947e-01 1.729497074618895347e-01
-7.674848738606592224e-01 2.338226784121363866e-01
-7.569028946352921450e-01 2.941067429186112747e-01
-7.439191781605136722e-01 3.536425684977657080e-01
-7.285669575546388499e-01 4.122677576569966917e-01
-7.108860421111353745e-01 4.698165142238232006e-01
-6.909229577960115387e-01 5.261194635096675398e-01
-6.687310905903330882e-01 5.810036662429486354e-01
-6.443708265735018648e-01 6.342928282505759796e-01
-6.179096777544647034e-01 6.858077380330457329e-01
-5.894223870934759413e-01 7.353669269539090392e-01
-5.589910011719598781e-01 7.827875683198005641e-01
-5.267049030492582107e-01 8.278866073601774955e-01
-4.926607954042349080e-01 8.704821085882784582e-01
-4.569626239632811338e-01 9.103948185154567829e-01
-4.197214379587715372e-01 9.474498885845312746e-01
-3.810551729599428450e-01 9.814787654831900188e-01
-3.410883640037859488e-01 1.012321156070072892e+00
-2.999517677671065252e-01 1.039827071309169293e+00
-2.577819159081051748e-01 1.063858848415582425e+00
-2.147205735900626355e-01 1.084293120786717024e+00
-1.709141365376771748e-01 1.101022678676969901e+00
-1.265129424074110109e-01 1.113958119366305066e+00
-8.167053276943359030e-02 1.123029320772880313e+00
-3.654285277379819979e-02 1.128186553525982294e+00
8.712583133024687926e-03 1.129401369553738599e+00
5.393755337363359548e-02 1.126667028504245938e+00
9.897400703902477226e-02 1.119998669165139127e+00
1.436649302890593283e-01 1.109432999244158946e+00
1.878552062073721718e-01 1.095027709899100588e+00
2.313924355025885615e-01 1.076860515250898986e+00
2.741277133833811552e-01 1.055027851370844649e+00
3.159163482309499393e-01 1.029643348590411511e+00
3.566185214385283464e-01 1.000836106843784989e+00
3.960998649776237279e-01 9.687487779988201986e-01
4.342319679602692495e-01 9.335355550966129012e-01
4.708927967603032116e-01 8.953601470619445557e-01
5.059670351398823929e-01 8.543937664187951642e-01
5.393463470820234473e-01 8.108131696328034765e-01
5.709295626652921563e-01 7.647988410302209994e-01
6.006227909559254119e-01 7.165333168423777543e-01
6.283394734866887266e-01 6.661997176432775669e-01
6.540003813826620327e-01 6.139804651660177859e-01
6.775335664651800371e-01 5.600562534197699449e-01
6.988742729846303403e-01 5.046052364831312698e-01
7.179648247123854299e-01 4.478024567501487918e-01
7.347544940097259225e-01 3.898194945190705529e-01
7.491993576141410260e-01 3.308243383693164619e-01
7.612621536158911129e-01 2.709814446927925058e-01
7.709121446607977157e-01 2.104519834528095212e-01
7.781249939812977523e-01 1.493942288963622245e-01
7.828826587709964979e-01 8.796408458286333887e-02
7.851733074243923971e-01 2.631570266265553792e-02
7.849912632569061577e-01 -3.539781937440922982e-02
7.823369770354733355e-01 -9.702370452724101701e-02
7.772170288791609982e-01 -1.584087454204917700e-01
7.696441602759036549e-01 -2.193985740791833672e-01
7.596373347045909385e-01 -2.798369749972697829e-01
7.472218241635366631e-01 -3.395652773560209337e-01
7.324293180821294103e-01 -3.984218486110044921e-01
7.152980498296696021e-01 -4.562417231065741263e-01
6.958729355283411744e-01 -5.128563831215056101e-01
6.742057174053561752e-01 -5.680937256552054393e-01
6.503551054767577888e-01 -6.217782219068983540e-01
6.243869069986114351e-01 -6.737313044923145533e-01
5.963741381370498695e-01 -7.237719673721498825e-01
5.663971042416791057e-01 -7.717176143338614347e-01
5.345434441688408089e-01 -8.173851285724149651e-01
5.009081246102845553e-01 -8.605921766559082586e-01
4.655933800515903442e-01 -9.011587154331966998e-01
4.287085871068221365e-01 -9.389086843687620698e-01
3.903700680640651566e-01 -9.736718570303372067e-01
3.507008194330687445e-01 -1.005285793062758781e+00
3.098301570289904161e-01 -1.033597870288555987e+00
2.678932850415922662e-01 -1.058467311980428205e+00
2.250307766883342664e-01 -1.079767181487154559e+00
1.813879866110455208e-01 -1.097386267647843638e+00
1.371143799151484099e-01 -1.111230794619725071e+00
9.236280760854684302e-02 -1.121225942080817273e+00
4.728871719503580096e-02 -1.127317040595220421e+00
2.049327992265185909e-03 -1.129470531289592738e+00
-4.319722764158605982e-02 -1.127674481117374894e+00
-8.829277908477545234e-02 -1.121938845996492073e+00
-1.330799872112042315e-01 -1.112295240516831374e+00
-1.774032107553200899e-01 -1.098796457497037027e+00
-2.211093286544087988e-01 -1.081515536237000141e+00
-2.640485396719712274e-01 -1.060544594592179646e+00
-3.060750861681019175e-01 -1.035993334616807759e+00
-3.470479356558922035e-01 -1.007987343404723957e+00
-3.868313790179560563e-01 -9.766662289094129035e-01
-4.252955468349729484e-01 -9.421816234413439295e-01
-4.623168525574294918e-01 -9.046951620118967030e-01
-4.977783587301010115e-01 -8.643764496762161853e-01
-5.315700511820371510e-01 -8.214010967152440834e-01
-5.635890419119016226e-01 -7.759488588348006921e-01
-5.937397023970846233e-01 -7.282019262781996849e-01
-6.219337304772522002e-01 -6.783434036778290821e-01
-6.480901572774525610e-01 -6.265559810188149337e-01
-6.721353098376257051e-01 -5.730208460405311621e-01
-6.940027321427683082e-01 -5.179168167814214296e-01
-7.136330772581519488e-01 -4.614197154445998650e-01
-7.309739776636650088e-01 -4.037019647636468922e-01
-7.459799050181795677e-01 -3.449324082874059005e-01
-7.586120268776839204e-01 -2.852763271163668568e-01
-7.688380658358131559e-01 -2.248956450744273583e-01
-7.766321756053184977e-01 -1.639492764367116995e-01
-7.819748244465661857e-01 -1.025936392751093107e-01
-7.848527106501085315e-01 -4.098323846980447133e-02
-7.852586974735403791e-01 2.072864050048255080e-02
-7.831917805130683696e-01 8.238921494363765641e-02
-7.786570807804115146e-01 1.438454459926626072e-01
-7.716658703591942059e-01 2.049433063679246270e-01
-7.622356265599090630e-01 2.655270778244415153e-01
-7.503901126904413132e-01 3.254387236231761071e-01
-7.361594817533003710e-01 3.845173547324083896e-01
-7.195803989984719262e-01 4.425988232998339100e-01
-7.006961788131061963e-01 4.995154667578250995e-01
-6.795569277396471541e-01 5.550960267957636418e-01
-6.562196869079276462e-01 6.091657645103094598e-01
-6.307485655346561915e-01 6.615467862415510547e-01
-6.032148569738347010e-01 7.120586003186561985e-01
-5.736971287282888188e-01 7.605188970136843585e-01
-5.422812741466130904e-01 8.067445776054786855e-01
-5.090605219083819133e-01 8.505529888458198684e-01
-4.741353863687236547e-01 8.917634003508196905e-01
-4.376135625479202207e-01 9.301986383650641121e-01
-3.996097419627755998e-01 9.656869192360815202e-01
-3.602453648044627310e-01 9.980637670970448072e-01
-3.196482793076666495e-01 1.027174041882625843e+00
-2.779523348894273882e-01 1.052873968204055322e+00
-2.352968781135753862e-01 1.075033141607376619e+00
-1.918261855271096716e-01 1.093536452782094104e+00
-1.476888082233217547e-01 1.108285831686216971e+00
-1.030368618525434876e-01 1.119201834019587283e+00
-5.802525024071297083e-02 1.126224900279756858e+00
-1.281084816263306295e-02 1.129316391434443290e+00
3.244835006704734071e-02 1.128459198733836377e+00
7.759410378717454537e-02 1.123658076324631994e+00
1.224687973308992012e-01 1.114939525964939726e+00
1.669163091180599912e-01 1.102351370874760983e+00
2.107828459168794299e-01 1.085961937557441193e+00
2.539177455361396052e-01 1.065858925103123633e+00
2.961742298312834976e-01 1.042148011938953900e+00
3.374100873058660799e-01 1.014951174140085399e+00
3.774882881861558737e-01 9.844048538193745923e-01
4.162775325289156947e-01 9.506580089891508711e-01
4.536527066073570147e-01 9.138700891065103527e-01
4.894952632782720303e-01 8.742089805257144963e-01
5.236935203707042685e-01 8.318490381217422680e-01
5.561428817188550644e-01 7.869691951000128416e-01
5.867459847758256242e-01 7.397512095082209305e-01
6.154127827927422523e-01 6.903780944094678462e-01
6.420605651630906241e-01 6.390327455158891778e-01
6.666139305209606292e-01 5.858967973439100918e-01
6.890047157602275929e-01 5.311496955636143547e-01
7.091718952247781926e-01 4.749680187651775798e-01
7.270614542489339804e-01 4.175250229234111488e-01
7.426262510011442108e-01 3.589904095525299765e-01
7.558258750035380391e-01 2.995302931655738354e-01
7.666265037975581453e-01 2.393073666658908083e-01
7.750007710272082129e-01 1.784812235840985972e-01
7.809276533760097783e-01 1.172088210396730890e-01
7.843923743608749444e-01 5.564506335109105362e-02
7.853863370626152918e-01 -6.056543560769983570e-03
7.839070795741520659e-01 -6.774316024687013216e-02
7.799582657951418252e-01 -1.292618804916777497e-01
7.735497015197009274e-01 -1.904589738240432262e-01
7.646973831523133924e-01 -2.511791874525048929e-01
7.534235705452909659e-01 -3.112650853653756156e-01
7.397568869659985058e-01 -3.705565007913613762e-01
7.237324376855871488e-01 -4.288900878474514733e-01
7.053919436655139430e-01 -4.860990358739135653e-01
6.847838837236668308e-01 -5.420129364423474927e-01
6.619636373987461964e-01 -5.964578589400979514e-01
6.369936226290436876e-01 -6.492566157244942238e-01
6.099434153723275465e-01 -7.002292727545860185e-01
5.808898478706026047e-01 -7.491938665787247764e-01
5.499170688449814826e-01 -7.959673830863774890e-01
5.171165655069004385e-01 -8.403669374158065919e-01
4.825871274953275614e-01 -8.822111991063238401e-01
4.464347562245487566e-01 -9.213219907969948386e-01
4.087725002378204686e-01 -9.575260742363719269e-01
3.697202219723017547e-01 -9.906570580693672134e-01
3.294042816972480026e-01 -1.020557395996319894e+00
2.879571428988277892e-01 -1.047080428449850942e+00
2.455168958706214488e-01 -1.070092394393841406e+00
2.022266996595527000e-01 -1.089474379637716206e+00
1.582341532230428505e-01 -1.105124118927247379e+00
1.136905914322029754e-01 -1.116957603059750781e+00
6.875032896058747012e-02 -1.124910455853496138e+00
2.356984772185358179e-02 -1.128938976324681764e+00
-2.169304593777528906e-02 -1.129020915333869279e+00
-6.688008942293054149e-02 -1.125155803496397988e+00
-1.118334414364753338e-01 -1.117365017984952136e+00
-1.563965446259620307e-01 -1.105691353828447632e+00
-2.004149799477673299e-01 -1.090198362226901807e+00
-2.437372730202532201e-01 -1.070969271389428767e+00
-2.862156562196406240e-01 -1.048105613516906232e+00
-3.277067717583226902e-01 -1.021725640539853597e+00
-3.680723077489467254e-01 -9.919625426841029991e-01
-4.071795569789413705e-01 -9.589624865637347284e-01
-4.449018978133493230e-01 -9.228826048010790872e-01
-4.811191921498070290e-01 -8.838889592491534497e-01
-5.157181018210492685e-01 -8.421545516798020214e-01
-5.485923305297693009e-01 -7.978573843533153243e-01
-5.796427872355132127e-01 -7.511786948996449498e-01
-6.087776810079404965e-01 -7.023013286486156082e-01
-6.359125578282895930e-01 -6.514083260919084628e-01
-6.609702840996911632e-01 -5.986817097582959324e-01
-6.838809843317180670e-01 -5.443015171339720126e-01
-7.045819461427149655e-01 -4.884450588081122313e-01
-7.230174995643172675e-01 -4.312864102891811324e-01
-7.391388842138160165e-01 -3.729961255697640810e-01
-7.529041008296293302e-01 -3.137411670701695243e-01
-7.642777730767870148e-01 -2.536850145686810332e-01
-7.732310105614866869e-01 -1.929879636634790896e-01
-7.797412922183598605e-01 -1.318075477613547819e-01
-7.837923633815851998e-01 -7.029910340646758349e-02
-7.853741626203427639e-01 -8.616404380478795422e-03
-7.844827717660151079e-01 5.308761790082300314e-02
-7.811203982318892791e-01 1.146601413909004857e-01
