0.000000000000000000e+00 1.500000000000000000e+01
3.001993716708762250e+00 1.470820437876690434e+01
5.998467160309996160e+00 1.499415460424265589e+01
9.005873095647771720e+00 1.471956244224017851e+01
1.199715349144141285e+01 1.497709105910761451e+01
1.500943526801407302e+01 1.474140505108687016e+01
1.799625993090213072e+01 1.495019268400348444e+01
2.101249598001854224e+01 1.477204951565540725e+01
2.399595371690253387e+01 1.491563033240198344e+01
2.701490971719823619e+01 1.480912122293875477e+01
2.999635479440550156e+01 1.487617528191321625e+01
3.301658094295233070e+01 1.484972785495503622e+01
3.599752633750950537e+01 1.483497277677250104e+01
3.901747292705177728e+01 1.489067811979671241e+01
4.199947096002861713e+01 1.479527597743803824e+01
4.501761013323275762e+01 1.492872695439662500e+01
4.800213004433390296e+01 1.476019735814112721e+01
5.101707699676683916e+01 1.496083612475644387e+01
5.400538928075168599e+01 1.473246527985323162e+01
5.701601155833815682e+01 1.498442301867027204e+01
6.000908771017832777e+01 1.471422504069372650e+01
6.301459488739942572e+01 1.499758210630642807e+01
6.601303048313573640e+01 1.470687925992124612e+01
6.901303619900137676e+01 1.499924417232227114e+01
7.201700368044843970e+01 1.471099374601912224e+01
7.501155685465519696e+01 1.498927627257217132e+01
7.802079189780673119e+01 1.472625111250699170e+01
8.101037113011661006e+01 1.496848536310359457e+01
8.402419283007856166e+01 1.475147929501225619e+01
8.700967005435401802e+01 1.493855652193781758e+01
9.002703521052175972e+01 1.478473004515092981e+01
9.300960503554402692e+01 1.490189738162038502e+01
9.602918971981270602e+01 1.482342043945562438e+01
9.901027674142324031e+01 1.486144444570907908e+01
1.020305818966520235e+02 1.486452571773674158e+01
1.050117268824484142e+02 1.482040721089651214e+01
1.080311959356911728e+02 1.490480333211599095e+01
1.110139353617795024e+02 1.478202096967089929e+01
1.140310783398103638e+02 1.494105616774462320e+01
1.170168237593722722e+02 1.474928834616923190e+01
1.200303347206058504e+02 1.497037742391346526e+01
1.230202592998133326e+02 1.472474467883555782e+01
1.260291189816720703e+02 1.499040771898752489e+01
1.290240672954420518e+02 1.471028847204731349e+01
1.320276247312749831e+02 1.499952365684485933e+01
1.350280445758289716e+02 1.470703021634679608e+01
1.380260677387040857e+02 1.499698566775319186e+01
1.410319749743897546e+02 1.471522014313782378e+01
1.440246690454634120e+02 1.498300045557154725e+01
1.470356458261345267e+02 1.473422818591058814e+01
1.500236363401965605e+02 1.495870108504398566e+01
1.530388641703264341e+02 1.476259214941551434e+01
1.560231480001376667e+02 1.492605135934769933e+01
1.590414719194395730e+02 1.479811609358905500e+01
1.620233381925988283e+02 1.488767664284219983e+01
1.650433589404510428e+02 1.483803628050905843e+01
1.680242869995389583e+02 1.484663778426091163e+01
1.710444705346040166e+02 1.487922072273483387e+01
1.740260143548559881e+02 1.480618660339612447e+01
1.770448140796918608e+02 1.491841423717273152e+01
1.800284783921898963e+02 1.476949956984857515e+01
1.830444571198898700e+02 1.495249312856998181e+01
1.860315799969093007e+02 1.473943791851726282e+01
1.890435236278181605e+02 1.497872240978503555e+01
1.920351703533308694e+02 1.471832979719901147e+01
1.950421840716935549e+02 1.499498479800953277e+01
1.980390629482273255e+02 1.470780043036327278e+01
2.010406411480369684e+02 1.499996058717885283e+01
2.040430474136442740e+02 1.470866006806715909e+01
2.070391147287734555e+02 1.499324707634365694e+01
2.100469072344586721e+02 1.472084180849793711e+01
2.130378227198703200e+02 1.497538976733372174e+01
2.160504349421205177e+02 1.474341070239637119e+01
2.190369646587715806e+02 1.494783332636749584e+01
2.220534485273221037e+02 1.477462594278513919e+01
2.250367046096148727e+02 1.491280297625277917e+01
2.280558061690517206e+02 1.481206794769659219e+01
2.310371588034415709e+02 1.487310675872575771e+01
2.340574169860637994e+02 1.485281396507024176e+01
2.370383861780044299e+02 1.483190342804080508e+01
2.400582481539607613e+02 1.489365941756209999e+01
2.430403843614684547e+02 1.479244755424417690e+01
2.460583288671536479e+02 1.493136514820448291e+01
2.490430902643001048e+02 1.475782930583646113e+01
2.520577474716629922e+02 1.496291884351746404e+01
2.550463856246114744e+02 1.473074207098234822e+01
2.580566460898173204e+02 1.498578071071744588e+01
2.610501062523106839e+02 1.471327814190640026e+01
2.640552081089590502e+02 1.499810499462055269e+01
2.670540559440185007e+02 1.470678172467052391e+01
2.700536447626818699e+02 1.499888945606215529e+01
2.730580199787372067e+02 1.471175274580371806e+01
2.760521773187422241e+02 1.498807138873512734e+01
2.790617832245953309e+02 1.472780803735578559e+01
2.820510192079743206e+02 1.496652840727804090e+01
2.850651453824420969e+02 1.475371388286228758e+01
2.880503583981692941e+02 1.493600287984811636e+01
2.910679373030486090e+02 1.478746896074726891e+01
2.940503433690424231e+02 1.489895365287715912e+01
2.970700342210582789e+02 1.482644982692537461e+01
