1.570796326794896558e+00 0.000000000000000000e+00
1.569047115359699651e+00 -8.728563728496754881e-02
1.563799492674541991e+00 -1.745704518575241504e-01
1.555053555608219673e+00 -2.618504616079533887e-01
1.542809676996923507e+00 -3.491152721311345797e-01
1.527068830202598537e+00 -4.363448528387237069e-01
1.507833037685638367e+00 -5.235063726676026929e-01
1.485105946950066702e+00 -6.105510610412594463e-01
1.458893541968621754e+00 -6.974110668666801960e-01
1.429204913699761104e+00 -7.839966315279073283e-01
1.396053307306513114e+00 -8.701927739905244152e-01
1.359457075448357699e+00 -9.558571695655195821e-01
1.319440884250814072e+00 -1.040817426647673294e+00
1.276036939681481019e+00 -1.124869263268064579e+00
1.229286300887789229e+00 -1.207775008670659789e+00
1.179240236728691826e+00 -1.289262795605997214e+00
1.125961599645584954e+00 -1.369026488885783266e+00
1.069526187310083420e+00 -1.446726612408312240e+00
1.010024040866456696e+00 -1.521992221798379230e+00
9.475606501176366825e-01 -1.594423989648417139e+00
8.822580087620865985e-01 -1.663598535880322471e+00
8.142554699835944376e-01 -1.729074039748551561e+00
7.437103516366493361e-01 -1.790397121204363007e+00
6.707982372506632318e-01 -1.847110899929290895e+00
5.957129553762730012e-01 -1.898764126914945560e+00
5.186661324724184396e-01 -1.944921030632758008e+00
4.398863809735883423e-01 -1.985171657650279808e+00
3.596180552561035193e-01 -2.019142386671707978e+00
2.781195806660423653e-01 -2.046505781135079083e+00
1.956614305659844510e-01 -2.066990071978789256e+00
1.125237162897002041e-01 -2.080386972402756385e+00
2.899351843621458119e-02 -2.086558024386333976e+00
-5.463800736461531943e-02 -2.085438849032364317e+00
-1.380786475148919612e-01 -2.077041150961638216e+00
-2.210381798414519372e-01 -2.061452354236651185e+00
-3.032313623002504954e-01 -2.038832885066697020e+00
-3.843807671040087581e-01 -2.009411258199499173e+00
-4.642193785220220525e-01 -1.973477233539645992e+00
-5.424928831288593489e-01 -1.931373412636138598e+00
-6.189616000659563522e-01 -1.883485694579729364e+00
-6.934020130521900693e-01 -1.830233054120276703e+00
-7.656078867633615559e-01 -1.772057098481594206e+00
-8.353909676347197610e-01 -1.709411828692590785e+00
-9.025812835194743089e-01 -1.642753929743993035e+00
-9.670270707764173634e-01 -1.572534082084604767e+00
-1.028594378802148324e+00 -1.499189117697635076e+00
-1.087166377430940578e+00 -1.423135577129882812e+00
-1.142642434399294693e+00 -1.344764482544329232e+00
-1.194937011900997881e+00 -1.264437402931162691e+00
-1.243978425762588325e+00 -1.182483743546858035e+00
-1.289707521670250268e+00 -1.099199164078418667e+00
-1.332076308029873202e+00 -1.014845002588800060e+00
-1.371046583141712016e+00 -9.296485700421156517e-01
-1.406588591183336456e+00 -8.438041838401894035e-01
-1.438679728726107498e+00 -7.574747934207948230e-01
-1.467303329951998858e+00 -6.707940800064879916e-01
-1.492447540843417908e+00 -5.838689222744867235e-01
-1.514104298678879745e+00 -4.967821282638547054e-01
-1.532268426499984404e+00 -4.095953490784267070e-01
-1.546936844888248341e+00 -3.223521247859100214e-01
-1.558107908228715699e+00 -2.350810116043610121e-01
-1.565780868365168832e+00 -1.477987446722983655e-01
-1.569955464311370896e+00 -6.051343089765942596e-02
-1.570631640332774026e+00 2.677224589371984820e-02
-1.567809393196575751e+00 1.140578254316012841e-01
-1.561488747100895580e+00 2.013418650334609650e-01
-1.551669857241781525e+00 2.886187328452890499e-01
-1.538353241977154395e+00 3.758754076622745077e-01
-1.521540142885092761e+00 4.630882838364263621e-01
-1.501233013083624002e+00 5.502199875857722855e-01
-1.477436131892029492e+00 6.372162348924677033e-01
-1.450156344135747899e+00 7.240027639692253603e-01
-1.419403926111147074e+00 8.104822858722634527e-01
-1.385193555018943146e+00 8.965318229281253881e-01
-1.347545397684681845e+00 9.820000330897840080e-01
-1.306486298743434693e+00 1.066704894129652414e+00
-1.262051037137278175e+00 1.150432037435035637e+00
-1.214283657098315317e+00 1.232933363972597229e+00
-1.163238834372427366e+00 1.313926449820917775e+00
-1.108983250832102030e+00 1.393094807568880489e+00
-1.051596936456331122e+00 1.470089040773333133e+00
-9.911745485948503243e-01 1.544529116296411653e+00
-9.278265351713983478e-01 1.616007811496969371e+00
-8.616801344966796838e-01 1.684095431716440716e+00
-7.928801601060192494e-01 1.748345821889487617e+00
-7.215895159707649276e-01 1.808303625184409347e+00
-6.479894032577933061e-01 1.863512682567157741e+00
-5.722791676810462524e-01 1.913525401809013093e+00
-4.946757562785599749e-01 1.957912828622127677e+00
-4.154127601724390551e-01 1.996275048400052210e+00
-3.347390438311235172e-01 2.028251537590788356e+00
-2.529169667037644009e-01 2.053531036248219976e+00
-1.702202253508844909e-01 2.071860452985073486e+00
-8.693136479931871941e-02 2.083052360189696195e+00
-3.339030133580028759e-03 2.086990660520400720e+00
8.026497353389347444e-02 2.083634204385058197e+00
1.635887198433930156e-01 2.073018075303066698e+00
2.463432041961958474e-01 2.055252487226881808e+00
3.282452904064209198e-01 2.030519361995993144e+00
4.090204792564507419e-01 1.999066808011742413e+00
4.884054232198596357e-01 1.961201754439510392e+00
5.661501110539572945e-01 1.917281138473891033e+00
6.420196776482727241e-01 1.867702094661687573e+00
7.157958065266799563e-01 1.812891652244437601e+00
7.872777219729728548e-01 1.753296293847496523e+00
8.562827639762918830e-01 1.689371845193881283e+00
9.226465697907580976e-01 1.621574042762453649e+00
9.862228967487526310e-01 1.550350056874536975e+00
1.046883129737772755e+00 1.476131137447315167e+00
1.104515514638505058e+00 1.399326489814059382e+00
1.159024173546969960e+00 1.320318460649245296e+00
1.210327954986037513e+00 1.239458988884213797e+00
1.258359158425904178e+00 1.157067253657527273e+00
1.303062201228725625e+00 1.073428399617999629e+00
1.344392238495789149e+00 9.887932648097377264e-01
1.382313798493316037e+00 9.033789088600548967e-01
1.416799455714220723e+00 8.173698202105131871e-01
1.447828552832186144e+00 7.309197298699195988e-01
1.475386012883304288e+00 6.441538344833802610e-01
1.499461249929637141e+00 5.571713210064105359e-01
1.520047177702298802e+00 4.700481887413789361e-01
1.537139339705374530e+00 3.828402131265060127e-01
1.550735161574212428e+00 2.955860018424528723e-01
1.560833324738194250e+00 2.083101430232742191e-01
1.567433267896262361e+00 1.210263881208674536e-01
1.570534817107876568e+00 3.374084108163694085e-02
1.570137943384321000e+00 -5.354483991588791791e-02
1.566242648588145991e+00 -1.408302331957940745e-01
1.558848980182462762e+00 -2.281129516571623883e-01
1.547957174201497699e+00 -3.153854384743881578e-01
1.533567926581918428e+00 -4.026317661965351236e-01
1.515682792852428795e+00 -4.898244385334534767e-01
1.494304714749982166e+00 -5.769212356499634486e-01
1.469438675123801774e+00 -6.638620513060998762e-01
1.441092472015035542e+00 -7.505659048648816167e-01
1.409277624113383087e+00 -8.369278902189960512e-01
1.374010372972428229e+00 -9.228165780828517795e-01
1.335312802419774014e+00 -1.008071472337384700e+00
1.293214052104719292e+00 -1.092500792437723911e+00
1.247751599053412708e+00 -1.175879921842116538e+00
1.198972603390812353e+00 -1.257950264158439690e+00
1.146935279355642656e+00 -1.338418874552933069e+00
1.091710258501530140e+00 -1.416959011844369121e+00
1.033381926369949300e+00 -1.493211584534515524e+00
9.720496715241621066e-01 -1.566787779532128333e+00
9.078289900232030529e-01 -1.637272936152164959e+00
8.408524381571261808e-01 -1.704231605531550287e+00
7.712703427327842753e-01 -1.767213979057655759e+00
6.992512091940553676e-01 -1.825763515314162033e+00
6.249818388263845836e-01 -1.879425635113427973e+00
5.486670582440699162e-01 -1.927757395310911281e+00
4.705290355919348744e-01 -1.970337623452798281e+00
3.908062165615499017e-01 -2.006777444142495703e+00
3.097518021888264195e-01 -2.036730361563194869e+00
2.276318823301747563e-01 -2.059902118279363759e+00
1.447231408616641846e-01 -2.076059018219766017e+00
6.131029951908573139e-02 -2.085034995724092344e+00
-2.231670902859896749e-02 -2.086736669370516495e+00
-1.058657182267242203e-01 -2.081146245811359652e+00
-1.890453761820223288e-01 -2.068322075546048744e+00
-2.715681695549789221e-01 -2.048396832832078296e+00
-3.531533274236693942e-01 -2.021573425483322417e+00
-4.335295197037853376e-01 -1.988118857522128691e+00
-5.124372729795324544e-01 -1.948356384023778087e+00
-5.896310461329229424e-01 -1.902656352871043843e+00
-6.648809192004813129e-01 -1.851426189345339868e+00
-7.379738713076355872e-01 -1.795099985606272819e+00
-8.087146411553031156e-01 -1.734128133936427174e+00
-8.769261782416171158e-01 -1.668967371316172343e+00
-9.424497102974991325e-01 -1.600071699695588157e+00
-1.005144469083320224e+00 -1.527884127999699970e+00
-1.064887103693219261e+00 -1.452829735715123638e+00
-1.121570842401236723e+00 -1.375309944219608171e+00
-1.175104453911134161e+00 -1.295698092372237875e+00
-1.225411051963306797e+00 -1.214336265277547344e+00
-1.272426799384193341e+00 -1.131533288673479465e+00
-1.316099552879580026e+00 -1.047563777773578897e+00
-1.356387488128238061e+00 -9.626681112545379948e-01
-1.393257741067241318e+00 -8.770531969380982451e-01
-1.426685092144562850e+00 -7.908938846330290096e-01
-1.456650719452079690e+00 -7.043348934454847221e-01
-1.483141035472221203e+00 -6.174931522684355967e-01
-1.506146625780856452e+00 -5.304604370904935084e-01
-1.525661298268829569e+00 -4.433062209771925777e-01
-1.541681248045073671e+00 -3.560806782320118380e-01
-1.554204345771147411e+00 -2.688177843504964137e-01
-1.563229552152147761e+00 -1.815384655396928559e-01
-1.568756458297250411e+00 -9.425378449148073823e-02
-1.570784954229676345e+00 -6.968142552854716953e-03
-1.569315026484370712e+00 8.031752099053228455e-02
-1.564346683414336026e+00 1.676025234172187628e-01
-1.555880009072752479e+00 2.548832315418131378e-01
-1.543915345767070457e+00 3.421498602386687793e-01
-1.528453604612998395e+00 4.293832733374347566e-01
-1.509496704573632941e+00 5.165517922099334136e-01
-1.487048137944509962e+00 6.036080441582793998e-01
-1.461113662933440249e+00 6.904858394852692038e-01
-1.431702119401983442e+00 7.770971385358027561e-01
-1.398826359721673684e+00 8.633292300991848300e-01
-1.362504293275758949e+00 9.490420112873433345e-01
-1.322760039465590287e+00 1.034065541467977800e+00
-1.279625153999796705e+00 1.118198172577530736e+00
-1.233139939264591867e+00 1.201204941157725026e+00
-1.183354798498918781e+00 1.282816709423586721e+00
-1.130331611413205373e+00 1.362730076954912661e+00
-1.074145091376598860e+00 1.440608160856529762e+00
-1.014884096027439897e+00 1.516082430673863168e+00
-9.526528408697233496e-01 1.588755683470749247e+00
-8.875719693734266391e-01 1.658206266559373754e+00
-8.197794235179952649e-01 1.723993597537250899e+00
-7.494310707950213590e-01 1.785664939016347708e+00
-6.767010378335914789e-01 1.842763375250479063e+00
-6.017817005823814513e-01 1.894836844851476076e+00
-5.248832920197075147e-01 1.941447970807064660e+00
-4.462331081793794452e-01 1.982184361910045434e+00
-3.660742998172817897e-01 2.016669057089366834e+00
-2.846642463809924140e-01 2.044570647661969165e+00
-2.022725382827446072e-01 2.065612594591921258e+00
-1.191786145119193840e-01 2.079581283477841325e+00
-3.566910407661619264e-02 2.086332495308129253e+00
4.796505370080443587e-02 2.085795843310541020e+00
1.314316209442980554e-01 2.077976947292514254e+00
2.144401037449506497e-01 2.062957244410880353e+00
2.967047546449332884e-01 2.040891489985342755e+00
3.779474242408460416e-01 2.012002997444747532e+00
4.579001804403346476e-01 1.976576917034843062e+00
5.363076178155687934e-01 1.934951971658506631e+00
6.129288256706733051e-01 1.887510978695783992e+00
6.875389543544776494e-01 1.834670614521105136e+00
7.599303504223354766e-01 1.776871114506713534e+00
8.299133133168342669e-01 1.714565823842727710e+00
8.973164066350099999e-01 1.648211593214050641e+00
9.619864275942749954e-01 1.578259843353026604e+00
1.023788024050193313e+00 1.505148769936935915e+00
1.082603029841905373e+00 1.429296739834599039e+00
1.138329559692887738e+00 1.351096973382435840e+00
1.190880915588946154e+00 1.270913506981333763e+00
1.240184352250374378e+00 1.189078381892566982e+00
1.286179763514530450e+00 1.105889992818938072e+00
1.328818318248573771e+00 1.021612416648145283e+00
1.368061084105595571e+00 9.364756496349491144e-01
1.403877678314447097e+00 8.506765904698400105e-01
1.436244971350314037e+00 7.643806270510334899e-01
1.465145866715240830e+00 6.777236877637927703e-01
1.490568165332339046e+00 5.908146926177008096e-01
1.512503536842008334e+00 5.037382665324999786e-01
1.530946603909385084e+00 4.165576431783427624e-01
1.545894146061195240e+00 3.293176927187487779e-01
1.557344425033786006e+00 2.420480494172857211e-01
1.565296637655317236e+00 1.547662762931662772e-01
1.569750496031370179e+00 6.748105355048369947e-02
1.570705935670097197e+00 -1.980462226429008377e-02
1.568162951770539992e+00 -1.070902309495880278e-01
1.562121564260160911e+00 -1.943745257433333595e-01
1.552581911074959020e+00 -2.816523266123439617e-01
1.539544470086860128e+00 -3.689113200048640406e-01
1.523010409086700490e+00 -4.561288607408727769e-01
1.502982063717880790e+00 -5.432687881693321064e-01
1.479463542127519515e+00 -6.302782849814152488e-01
1.452461455515452693e+00 -7.170847784828512372e-01
1.421985769061416160e+00 -8.035929721026192629e-01
1.388050770026028058e+00 -8.896820142001637954e-01
1.350676147767980728e+00 -9.752028775890451140e-01
1.309888164060537097e+00 -1.059976125318817353e+00
1.265720920990930587e+00 -1.143789969083213842e+00
1.218217671543652569e+00 -1.226399056701323875e+00
1.167432192824064741e+00 -1.307523711178861570e+00
1.113430156744500410e+00 -1.386850130674264658e+00
1.056290480041998325e+00 -1.464031482221036518e+00
9.961066095413425581e-01 -1.538690058683860773e+00
9.329876933519535287e-01 -1.610420655562631032e+00
8.670595964076036610e-01 -1.678795171866175107e+00
7.984657051030100705e-01 -1.743368512876306786e+00
7.273674702360134470e-01 -1.803685759543234735e+00
6.539446329896561050e-01 -1.859290489513709677e+00
5.783951041745777344e-01 -1.909734064927580466e+00
5.009344547322598373e-01 -1.954585653517626476e+00
4.217949936575919323e-01 -1.993442641898519829e+00
3.412244260982630339e-01 -2.025941003216556791e+00
2.594841079281296481e-01 -2.051765196735507057e+00
1.768469185468092286e-01 -2.070657184116384553e+00
9.359479606217657732e-02 -2.082424059048469722e+00
1.001600228331258474e-02 -2.086943885956189071e+00
-7.359779886479496380e-02 -2.084169445301649493e+00
-1.569545777256328989e-01 -2.074129741431586460e+00
-2.397649851773457630e-01 -2.056929089907533648e+00
-3.217453146040795686e-01 -2.032743867219064970e+00
-4.026202807101411651e-01 -2.001817142820089046e+00
-4.821255602657613104e-01 -1.964451459344729534e+00
-5.600100058914829759e-01 -1.921000114293337058e+00
-6.360374871704651545e-01 -1.871857404217284193e+00
-7.099883251495686665e-01 -1.817448339578587202e+00
-7.816603151964395257e-01 -1.758218237912976045e+00
-8.508693386085518506e-01 -1.694622549698053371e+00
-9.174495754886556886e-01 -1.627117338746977060e+00
-9.812533509529026698e-01 -1.556150754054514973e+00
-1.042150668205716668e+00 -1.482155549173544307e+00
-1.100028460047846268e+00 -1.405542883888752259e+00
-1.154789621973975278e+00 -1.326697397609658768e+00
-1.206351876190443706e+00 -1.245973554276108120e+00
-1.254646492878726427e+00 -1.163693209178174204e+00
-1.299616973927909536e+00 -1.080144245498205757e+00
-1.341217667350377729e+00 -9.955802285735204649e-01
-1.379412401933672871e+00 -9.102208807764340381e-01
-1.414173158285509935e+00 -8.242532291279031087e-01
-1.445478783519549060e+00 -7.378333831800166775e-01
-1.473313796345584681e+00 -6.510887295002536490e-01
-1.497667290449673949e+00 -5.641204291600832033e-01
-1.518531933643544329e+00 -4.770062256124087963e-01
-1.535903088478772105e+00 -3.898033985356982312e-01
-1.549778055145658806e+00 -3.025518100371026864e-01
-1.560155434786342443e+00 -2.152770509913437269e-01
-1.567034620876122775e+00 -1.279936216161579043e-01
-1.570415419197065399e+00 -4.070811830375493934e-02
-1.570297795073376523e+00 4.657756368246564194e-02
-1.566681749052973416e+00 1.338630212304223466e-01
-1.559567321418400043e+00 2.211461418574991733e-01
-1.548954724891833612e+00 3.084198989358769016e-01
-1.534844605727719413e+00 3.956691505760349670e-01
-1.517238433190249536e+00 4.828674404067720971e-01
-1.496139016031704516e+00 5.699738397414922941e-01
-1.471551147327352593e+00 6.569297825205602237e-01
-1.443482368950446570e+00 7.436560650873438316e-01
-1.411943867004921582e+00 8.300497938400566156e-01
-1.376951466300903482e+00 9.159817524184855619e-01
-1.338526741163924116e+00 1.001293849039773143e+00
-1.296698221715593125e+00 1.085796866980621722e+00
-1.251502670540592499e+00 1.169268861207300780e+00
-1.202986425296125317e+00 1.251453968311854625e+00
-1.151206767068326586e+00 1.332061980558477021e+00
-1.096233286198175616e+00 1.410768815573078649e+00
-1.038149224204965915e+00 1.487217879102038731e+00
-9.770527286685557478e-01 1.561022608595102668e+00
-9.130579719263263172e-01 1.631770237562506498e+00
-8.462961205205894455e-01 1.699026754944519269e+00
-7.769160627385458540e-01 1.762343236404439129e+00
-7.050848436381191853e-01 1.821263369971575674e+00
-6.309878104623476425e-01 1.875332077124494123e+00
-5.548283697840146189e-01 1.924105119898637861e+00
-4.768273387472824476e-01 1.967159196833167201e+00
-3.972219152943555209e-01 2.004102486547286066e+00
-3.162641850755857353e-01 2.034584731402682145e+00
-2.342192893995845848e-01 2.058307186163625957e+00
-1.513631565227943343e-01 2.075031035302307370e+00
-6.797996765311885292e-02 2.084584602229190065e+00
1.564065260190009715e-02 2.086868567748425107e+00
9.920660450195953328e-02 2.081859053412004723e+00
1.824263591766492887e-01 2.069608367995094511e+00
2.650119882226847912e-01 2.050243374486758530e+00
3.466820805120772730e-01 2.023961573898871880e+00
4.271644591549806358e-01 1.991025122247580104e+00
5.061986232964568178e-01 1.951753107028636469e+00
5.835378525378508430e-01 1.906512476640128906e+00
6.589509276824985218e-01 1.855708076513069571e+00
7.322234419308815134e-01 1.799772253857480520e+00
8.031586945788447007e-01 1.739154471309034777e+00
8.715781739547729945e-01 1.674311309152893834e+00
9.373216550008326431e-01 1.605697301135447841e+00
1.000246949996685286e+00 1.533756605816261054e+00
1.060229345478898022e+00 1.458915962519283571e+00
1.117160782170299349e+00 1.381578860124442532e+00
1.170948830651879380e+00 1.302121010070158125e+00
1.221515506092821335e+00 1.220887080977897554e+00
1.268795978969285532e+00 1.138188601772100572e+00
1.312737223086610117e+00 1.054302930703382879e+00
1.353296640771983750e+00 9.694731603318196278e-01
1.390440701638686383e+00 8.839088256453395687e-01
1.424143622892931393e+00 7.977872712133791122e-01
1.454386115971752380e+00 7.112555393292075978e-01
1.481154215678771813e+00 6.244326840662220990e-01
1.504438211016708715e+00 5.374123868208768862e-01
1.524231685015958959e+00 4.502657916224096502e-01
1.540530669829943911e+00 3.630445010756272461e-01
1.553332925593245317e+00 2.757836684634178415e-01
1.562637344619614010e+00 1.885051444845290691e-01
1.568443481494830261e+00 1.012206621297280229e-01
1.570751211514743950e+00 1.393503711152303814e-02
1.569560517973455749e+00 -7.335063284136900119e-02
1.564871407190274066e+00 -1.606357621089323506e-01
1.556683952171198149e+00 -2.479170703887816629e-01
1.544998464911156777e+00 -3.351853812522013198e-01
1.529815796718981158e+00 -4.224224219108899669e-01
1.511137766995020559e+00 -5.095976317194321759e-01
1.488967718798264617e+00 -5.966650044691608201e-01
1.463311201019716457e+00 -6.835599672755461320e-01
1.434176775067269149e+00 -7.701963283120742965e-01
1.401576935931135415e+00 -8.564634505110872986e-01
1.365529148501872125e+00 -9.422235096646522923e-01
1.326056992563354076e+00 -1.027309022008948913e+00
1.283191382920890300e+00 -1.111520936074864352e+00
1.236971874546328287e+00 -1.194626989848004195e+00
1.187448014249477657e+00 -1.276360785053350710e+00
1.134680715619549307e+00 -1.356421640585723232e+00
1.078743618265930904e+00 -1.434475294786346389e+00
1.019724404786051419e+00 -1.510155649173625658e+00
9.577260236741897970e-01 -1.583067650208049182e+00
8.928677727177414258e-01 -1.652791411138363253e+00
8.252861857455805472e-01 -1.718887629733940159e+00
7.551356832313262935e-01 -1.780904259678012913e+00
6.825889303423344767e-01 -1.838384399270030389e+00
6.078368561171684226e-01 -1.890875250950778241e+00
5.310882909618620529e-01 -1.937937888404728914e+00
4.525692082026231411e-01 -1.979157540392808334e+00
3.725215477535102626e-01 -2.014154040533982393e+00
2.912016221854877296e-01 -2.042591995988122466e+00
2.088781296989712655e-01 -2.064190164411014550e+00
1.258298178254992905e-01 -2.078729647288481086e+00
4.234284498956385201e-02 -2.086060499069639196e+00
-4.129208543112983243e-02 -2.086106333602304463e+00
-1.247827262505779577e-01 -2.078866672265991866e+00
-2.078383323263885418e-01 -2.064416964070782790e+00
-2.901726707591744114e-01 -2.042906262071934709e+00
-3.715068873455332765e-01 -2.014552627216382952e+00
-4.515721439446804819e-01 -1.979636559052490696e+00
-5.301119576695182412e-01 -1.938492844456879638e+00
-6.068841987527272552e-01 -1.891501149479286825e+00
-6.816626889905696984e-01 -1.839075818861508393e+00
-7.542383681822266706e-01 -1.781655603048265535e+00
-8.244200867699950086e-01 -1.719693158800935873e+00
-8.920349468639711121e-01 -1.653645399872332389e+00
-9.569283002468116361e-01 -1.583964481843128436e+00
-1.018963391042648992e+00 -1.511089914609909490e+00
-1.078020711770783402e+00 -1.435441859897244932e+00
-1.133997115445319226e+00 -1.357415709836257367e+00
-1.186804736606871913e+00 -1.277377948895054738e+00
-1.236369762164225783e+00 -1.195663247545075025e+00
-1.282631127708042218e+00 -1.112572723631702232e+00
-1.325539153315160812e+00 -1.028373193138389707e+00
-1.365054166101553168e+00 -9.432973459688414053e-01
-1.401145148811197894e+00 -8.575446741585893706e-01
-1.433788439505503387e+00 -7.712830087046131933e-01
-1.462966503260308970e+00 -6.846505422495833271e-01
-1.488666789013818770e+00 -5.977582553520841557e-01
-1.510880692587577734e+00 -5.106926092508144999e-01
-1.529602632087419423e+00 -4.235184330676882714e-01
-1.544829241283683041e+00 -3.362819484564442130e-01
-1.556558685265882591e+00 -2.490138909340217366e-01
-1.564790103306157754e+00 -1.617326706601338038e-01
-1.569523178864513868e+00 -7.444755853175119564e-02
-1.570757837300077897e+00 1.283811275455319645e-02
-1.568494072017699192e+00 1.001237426365115535e-01
-1.562731899248803957e+00 1.874082599553099360e-01
-1.553471441077729054e+00 2.746869164203921687e-01
-1.540713137076501482e+00 3.619480851147576783e-01
-1.524458084143839320e+00 4.491700622094650930e-01
-1.504708504170733541e+00 5.363178824257185395e-01
-1.481468338672351948e+00 6.233401719740797597e-01
-1.454743969510414736e+00 7.101660448171936979e-01
-1.424545059873703501e+00 7.967021277038220939e-01
-1.390885514321386740e+00 8.828297022471489619e-01
-1.353784548890217376e+00 9.684020823294158253e-01
-1.313267854930369793e+00 1.053242336806611723e+00
-1.269368862472975756e+00 1.137141303857694741e+00
-1.222130043644516162e+00 1.219856351140327977e+00
-1.171604284664745199e+00 1.301110550998774817e+00
-1.117856258322237339e+00 1.380592792792529888e+00
-1.060963776779041190e+00 1.457958814549038085e+00
-1.001019081704417557e+00 1.532833268838020180e+00
-9.381300278920383651e-01 1.604812994083938404e+00
-8.724211137972642804e-01 1.673471515269545851e+00
-8.040343045520990106e-01 1.738364846649849804e+00
-7.331295960642046916e-01 1.799038564681472607e+00
-6.598852683710678679e-01 1.855036035368657688e+00
-5.844977961277924017e-01 1.905907637768102125e+00
-5.071813696050345710e-01 1.951220741413216553e+00
-4.281670054116106794e-01 1.990570103214058584e+00
-3.477012382030158499e-01 2.023588233149388849e+00
-2.660444083233272639e-01 2.049955376095451864e+00
-1.834685619466660811e-01 2.069408607391407529e+00
-1.002550100532717536e-01 2.081749590751932999e+00
-1.669161643336381645e-02 2.086850544859913281e+00
6.693011550908571639e-02 2.084658204433542661e+00
1.503180735375551358e-01 2.075195496600542810e+00
2.331825860095148306e-01 2.058560814824979879e+00
3.152393890669814014e-01 2.034924950713994818e+00
3.962124277922193794e-01 2.004525898289355901e+00
4.758364191123662934e-01 1.967661757463659011e+00
5.538590922126336302e-01 1.924682115680464989e+00
6.300430590562903221e-01 1.875978371235672126e+00
7.041672834468157838e-01 1.821973491074769358e+00
7.760281410648999234e-01 1.763111542135125998e+00
8.454400581980247020e-01 1.699847507214398146e+00
9.122357532839298067e-01 1.632637726611740447e+00
9.762661170470690042e-01 1.561931274981498419e+00
1.037399765850660183e+00 1.488162383779568554e+00
1.095522314689885812e+00 1.411744130023085741e+00
1.150535422898838700e+00 1.333063418458657390e+00
1.202355669747773970e+00 1.252477235357906782e+00
1.250913299456972050e+00 1.170310097169724450e+00
1.296150885781957252e+00 1.086852627648764891e+00
1.338021961652679614e+00 1.002361125044034296e+00
1.376489650795446718e+00 9.170579712015297646e-01
1.411525329364533787e+00 8.311327505235406310e-01
1.443107341770173635e+00 7.447439645841033018e-01
1.471219797297427245e+00 6.580211938051613307e-01
1.495851460631573815e+00 5.710676034741993812e-01
1.516994748486925282e+00 4.839626988269251640e-01
1.534644838624922292e+00 3.967652742417303591e-01
1.548798901006663176e+00 3.095164705173146236e-01
1.559455452918419693e+00 2.222429055896986971e-01

    

