2.617993877991494411e+00 1.500000000000000000e+01
3.218645642228882497e+00 1.498096745983099787e+01
3.819558723651955479e+00 1.501265140607354454e+01
4.422601113060884437e+00 1.508401312029677399e+01
5.028895491752662927e+00 1.516996093071758978e+01
5.638413098792108613e+00 1.523985475483110363e+01
6.249968331806280197e+00 1.526843775677238568e+01
6.861636094153102050e+00 1.524529346755887360e+01
7.471450339277015296e+00 1.517886111821976769e+01
8.078118210021683510e+00 1.509317540160734161e+01
8.681477744045006162e+00 1.501883166192077468e+01
9.282540004461628413e+00 1.498200436617395148e+01
9.883120917806003547e+00 1.499553319820650010e+01
1.048520406015516038e+01 1.505471116595026260e+01
1.109024865620618350e+01 1.513881602986028341e+01
1.169867038753122479e+01 1.521802336159688807e+01
1.230967871944254632e+01 1.526384162329966010e+01
1.292154766909433761e+01 1.525961085993372635e+01
1.353223777314759069e+01 1.520687486882560080e+01
1.414013868690479470e+01 1.512478327398196853e+01
1.474464698374683280e+01 1.504280091251412443e+01
1.534636830987034806e+01 1.498993365661757693e+01
1.594688850205952946e+01 1.498466488918790773e+01
1.654821224238493471e+01 1.502882714234627493e+01
1.715206424139071117e+01 1.510700680426778142e+01
1.775928194710122554e+01 1.519162009472997532e+01
1.836950684628725838e+01 1.525238540618347827e+01
1.898129741770938139e+01 1.526727956361410676e+01
1.959264270656129980e+01 1.523086912052260899e+01
2.020169412845797652e+01 1.515641187716646598e+01
2.080743435407397257e+01 1.507076139951684901e+01
2.141003200590703059e+01 1.500438002682724736e+01
2.201076593115388036e+01 1.498056368261476479e+01
2.261156644968873763e+01 1.500760365074360969e+01
2.321434068628317249e+01 1.507608338403582593e+01
2.382030552733285944e+01 1.516195278509461453e+01
2.442954962126089313e+01 1.523464184275593603e+01
2.504098609105112772e+01 1.526791374208130669e+01
2.565273311732863704e+01 1.524964924118939358e+01
2.626279566858441328e+01 1.518651021991699679e+01
2.686979103855809115e+01 1.510136342458767800e+01
2.747344014900675546e+01 1.502465397316465001e+01
2.807465202269906257e+01 1.498342323272080812e+01
2.867519039852032492e+01 1.499205470477602020e+01
2.927705366313387358e+01 1.504754596515039822e+01
2.988177795155244709e+01 1.513048417883821806e+01
3.048989238599505569e+01 1.521149847171573199e+01
3.110071691939340255e+01 1.526148466831272543e+01
3.171259234415852646e+01 1.526228146076246084e+01
3.232347679885504732e+01 1.521359811365947046e+01
3.293168931354308882e+01 1.513312710886190260e+01
3.353651455797383818e+01 1.504978886255987014e+01
3.413844590582312577e+01 1.499310896565600437e+01
3.473899570222111066e+01 1.498292170081433561e+01
3.534015831397592677e+01 1.502277084313678124e+01
3.594371472119797772e+01 1.509875757120441264e+01
3.655060650768919572e+01 1.518410624298858380e+01
3.716059175629307276e+01 1.524831308256768203e+01
3.777231565839494465e+01 1.526813116722958164e+01
3.838379163133464544e+01 1.523633308258689034e+01
3.899312345830107773e+01 1.516450338606165538e+01
3.959919260414359599e+01 1.507857821215751493e+01
4.020205058577574420e+01 1.500916053319400589e+01
4.080288483512431696e+01 1.498063865644536996e+01
4.140359071343387143e+01 1.500294647716232355e+01
4.200610829318037531e+01 1.506831878163109550e+01
4.261174450293400895e+01 1.515382178577661598e+01
4.322070490318714064e+01 1.522905881204245837e+01
4.383200498395977718e+01 1.526690543464293270e+01
4.444381258971915827e+01 1.525358362501484422e+01
4.505411060400926715e+01 1.519395343304379686e+01
4.566143091382409835e+01 1.510963283478928609e+01
4.626537823793294990e+01 1.503081232165990144e+01
4.686675638739862393e+01 1.498531245605955853e+01
4.746727104707215972e+01 1.498901793939128524e+01
4.806892880618850228e+01 1.504063976198219521e+01
4.867333768228327529e+01 1.512213485219847797e+01
4.928113843367616198e+01 1.520468176236338742e+01
4.989176358163207681e+01 1.525866517600247185e+01
5.050362633328024486e+01 1.526448764296894822e+01
5.111468945361547611e+01 1.522002445796298531e+01
5.172320699304904679e+01 1.514144628577125395e+01
5.232835391625503974e+01 1.505702957993482904e+01
5.293050955341323061e+01 1.499672304891004160e+01
5.353110772815236373e+01 1.498165034592342693e+01
5.413212597231240153e+01 1.501705563510666330e+01
5.473539552180052681e+01 1.509059788809752156e+01
5.534195908189144575e+01 1.517639423723600700e+01
5.595169188453019871e+01 1.524382365458328614e+01
5.656333048344117742e+01 1.526849819632060878e+01
5.717491940149602669e+01 1.524142248490642437e+01
5.778452127258606197e+01 1.517246501147689131e+01
5.839091993989459439e+01 1.508655307439417292e+01
5.899404951365677618e+01 1.501432744866420421e+01
5.959500194764980563e+01 1.498119305528594225e+01
6.019563142981604642e+01 1.499869545085755362e+01
6.079790460524640849e+01 1.506074403511833992e+01
6.140321409612492687e+01 1.514559427250677359e+01
6.201188151463717446e+01 1.522312262997120058e+01
6.262302789530708225e+01 1.526541311687493874e+01
6.323487698877690377e+01 1.525707952955623448e+01
6.384539650193696758e+01 1.520116291082554127e+01
6.445303800065761379e+01 1.511795331469676995e+01
6.505729107547055889e+01 1.503728374829680980e+01
6.565885154030813453e+01 1.498766487124240321e+01
6.625936138058114011e+01 1.498643229692382484e+01
6.686082883077419581e+01 1.503401483309311892e+01
6.746492837294333356e+01 1.511379478524208686e+01
6.807241006170119135e+01 1.519759444345522503e+01
6.868282078819439107e+01 1.525538936295146542e+01
6.929465153701957547e+01 1.526621701792498520e+01
6.990587672091912452e+01 1.522612691969295540e+01
7.051469140844807271e+01 1.514970915798800633e+01
7.112016354431612797e+01 1.506449690020031262e+01
7.172255697378075467e+01 1.500076284331167287e+01
7.232322215980738633e+01 1.498085399016618702e+01
7.292411328861697939e+01 1.501169915005657529e+01
7.352710586290967854e+01 1.508255272996863461e+01
7.413333998641641642e+01 1.516850756473781381e+01
7.474280835866653661e+01 1.523892879638803599e+01
7.535434310086201037e+01 1.526837450597654211e+01
7.596602656457643832e+01 1.524611457937157510e+01
7.657588686514162646e+01 1.518026527402352421e+01
7.718261440391249550e+01 1.509465612480953567e+01
7.778602584844553292e+01 1.501986258626494575e+01
7.838711394219620843e+01 1.498222394402834823e+01
7.898768555351756504e+01 1.499486357156028582e+01
7.958972743545197659e+01 1.505338421461943099e+01
8.019471321455517909e+01 1.513729767872356469e+01
8.080307934423254324e+01 1.521685439472574863e+01
8.141405525286822353e+01 1.526344429724652763e+01
8.202592671702126381e+01 1.526012919499221177e+01
8.263665328648444586e+01 1.520811858267784977e+01
8.324461131996616814e+01 1.512630200633772226e+01
8.384917688716417672e+01 1.504405206922175253e+01
8.445093530160767159e+01 1.499047680194226650e+01
8.505145939268381028e+01 1.498431003833871777e+01
8.565275245035662977e+01 1.502769675141645322e+01
8.625654986158144766e+01 1.510549601250987983e+01
8.686370833828280524e+01 1.519026484946135902e+01
8.747389050671088739e+01 1.525167293135610613e+01
8.808567022750264641e+01 1.526746848340241236e+01
8.869704055046933888e+01 1.523188962598944940e+01
8.930614372051124406e+01 1.515789253096331990e+01
8.991194370221774079e+01 1.507217034539904077e+01
9.051458780257414105e+01 1.500521915713946086e+01
9.111533855928206549e+01 1.498053914470619574e+01
9.171612037997972777e+01 1.500672297939258826e+01
9.231884686325217615e+01 1.507465321737353214e+01
9.292475161587844923e+01 1.516047748058601385e+01
9.353394465868433372e+01 1.523364985631795498e+01
9.414535752748453490e+01 1.526776484624096142e+01
9.475711698338452038e+01 1.525039722595164271e+01
9.536722346395610828e+01 1.518788162717657819e+01
9.597427824370932115e+01 1.510286392485889984e+01
9.657798101207465891e+01 1.502575000065132116e+01
9.717922186827289011e+01 1.498373063600282329e+01
9.777975441954885127e+01 1.499146612405114887e+01
9.838157900900517916e+01 1.504626561262465323e+01
9.898624530089203688e+01 1.512896164904396201e+01
9.959430294180631904e+01 1.521027592539559770e+01
1.002050922356392562e+02 1.526100423634138536e+01
1.008169667690584106e+02 1.526271776891453058e+01
1.014278849765152586e+02 1.521479139959238935e+01
1.020361535865576457e+02 1.513464491275214385e+01
1.026410370873706910e+02 1.505108893875370590e+01
1.032430081981287202e+02 1.499373367843302951e+01
1.038435653358152564e+02 1.498265310385389704e+01
1.044447002885813731e+02 1.502170179331765709e+01
1.050482035948065374e+02 1.509726189058136647e+01
1.056550356357174394e+02 1.518271379050626102e+01
1.062649757518000939e+02 1.524752492595965414e+01
1.068766854844186156e+02 1.526823415833569086e+01
1.074881833923532071e+02 1.523728905690301083e+01
1.080975652439375096e+02 1.516596460370907451e+01
1.087036944224884252e+02 1.508001993354589843e+01
1.093066010561207833e+02 1.501007274874040398e+01
1.099074554672355646e+02 1.498070246544727802e+01
1.105081459672771871e+02 1.500213930216221669e+01
1.111106179492051069e+02 1.506692165539968187e+01
1.117161943250097096e+02 1.515232712744813348e+01
1.123251019343046977e+02 1.522800143759039670e+01
1.129363752472402211e+02 1.526666854764729742e+01
1.135481918289653009e+02 1.525425325170655988e+01
1.141585312728674779e+02 1.519528494357884263e+01
1.147659104261755942e+02 1.511114516131152641e+01
1.153699128898942234e+02 1.503196771624372730e+01
1.159713230279985368e+02 1.498570588671444526e+01
1.165718353564910643e+02 1.498851193580174623e+01
1.171734572476789253e+02 1.503940991035572594e+01
1.177778092296843937e+02 1.512061247482366788e+01
1.183855521136797080e+02 1.520340829456688780e+01
1.189961392039780179e+02 1.525810067470108677e+01
1.196079975115813880e+02 1.526483754162340567e+01
1.202190913637908096e+02 1.522116026066933614e+01
1.208276636179793826e+02 1.514295623144197833e+01
1.214328695423037203e+02 1.505837357657144615e+01
1.220350675204754509e+02 1.499742717430915206e+01
1.226356765066309862e+02 1.498146869291876548e+01
1.232366702479883003e+02 1.501605086563436053e+01
1.238398885064958819e+02 1.508912082278083666e+01
1.244463920168433333e+02 1.517496762749140160e+01
1.250560774273708091e+02 1.524295976702142319e+01
1.256676984096118446e+02 1.526851063574008194e+01
1.262793058709402771e+02 1.524230606647279629e+01
1.268889556466489097e+02 1.517389781814238603e+01
1.274954142865720428e+02 1.508801921495199849e+01
1.280985944224575803e+02 1.501530757860626863e+01
1.286995702161358963e+02 1.498134355644316607e+01
1.293001876830894048e+02 1.499796342919365344e+01
1.299024176108773077e+02 1.505938414388217161e+01
1.305076677371894789e+02 1.514408475718341940e+01
1.311162807219560875e+02 1.522200291274625883e+01
1.317273972061248628e+02 1.526508895948683886e+01
1.323392517718367856e+02 1.525766914705706512e+01
1.329498101502734357e+02 1.520245060357956390e+01
1.335575097317860411e+02 1.511947400727739854e+01
1.341618193103774388e+02 1.503849629324279213e+01
1.347634147230920405e+02 1.498814334226531209e+01
1.353639257409839161e+02 1.498601052740879247e+01
1.359653601915057379e+02 1.503283943463486594e+01
1.365694040788160919e+02 1.511227769601362247e+01
1.371768271166934028e+02 1.519627481791357759e+01
1.377871971697326785e+02 1.525474315387514501e+01
1.383990199771903349e+02 1.526647950970415479e+01
1.390102727992927782e+02 1.522720191262758682e+01
1.396191406167127127e+02 1.515120692546215508e+01
1.402246723216289581e+02 1.506588050029570702e+01
1.408271104941642022e+02 1.500154411785636377e+01
1.414277898879191753e+02 1.498076017456633657e+01
1.420286597353035916e+02 1.501076268208931275e+01
1.426316029444595017e+02 1.508110036184825553e+01
1.432377769697195333e+02 1.516705305821012573e+01
1.438471959198240882e+02 1.523799405012505837e+01
1.444587097544327889e+02 1.526829887175392741e+01
1.450704084297235852e+02 1.524692537891718835e+01
1.456803145176372141e+02 1.518166726458746396e+01
1.462871018251669284e+02 1.509614428176455014e+01
1.468905656545075544e+02 1.502090895569197748e+01
1.474916802856505740e+02 1.498246209435902365e+01
1.480922433250501626e+02 1.499421030582298897e+01
1.486942444880102983e+02 1.505206657860634145e+01
1.492991716423294690e+02 1.513577891917228335e+01
1.499074820106387733e+02 1.521567642308723123e+01
1.505184250514047335e+02 1.526303299387894086e+01
1.511302984560628033e+02 1.526063402356868259e+01
1.517410610501513304e+02 1.520935474834124435e+01
1.523490760797233463e+02 1.512782174800154245e+01
1.529536991146180185e+02 1.504531285977425625e+01
1.535554951015356835e+02 1.499103488669341644e+01
1.541560236983087009e+02 1.498397042800247192e+01
1.547572865928236467e+02 1.502657657608190611e+01
1.553610296552164982e+02 1.510398672261757369e+01
1.559681286382484586e+02 1.518890090234206269e+01
1.565782675544514859e+02 1.525094550226052093e+01
1.571900358030578104e+02 1.526764131648961964e+01
1.578014305847483740e+02 1.523289848911108990e+01
1.584105851995402929e+02 1.515937015208583105e+01
1.590164449936923461e+02 1.507358555893120489e+01
1.596191359477780054e+02 1.500607125341222670e+01
1.602199041073296826e+02 1.498052973636055363e+01
1.608206677805454206e+02 1.500585413967972137e+01
1.614233468315133564e+02 1.507322698451450016e+01
1.620291914704555154e+02 1.515899639508342212e+01
1.626383330686734325e+02 1.523264393112359905e+01
1.632497216879033886e+02 1.526759846768573325e+01
1.638614928730832219e+02 1.525112975870591470e+01
1.644716427258540818e+02 1.518924508015998498e+01
1.650787567616639819e+02 1.510436601026495751e+01
1.656825134606139898e+02 1.502685672193973332e+01
1.662837838552051153e+02 1.498405314339303018e+01
1.668843111967370874e+02 1.499089113908707382e+01
1.674860975936327350e+02 1.504499228077233930e+01
1.680907060390813683e+02 1.512743642463703608e+01
1.686987066127582295e+02 1.520904165547873355e+01
1.693094600692817835e+02 1.526050620392361701e+01
1.699213329739185099e+02 1.526313696148299037e+01
1.705322843113813747e+02 1.521597354614905839e+01
1.711406087328077206e+02 1.513616122475203163e+01
1.717455506328973343e+02 1.505239739607205962e+01
1.723475620059005564e+02 1.499437253825574956e+01
1.729481271050253497e+02 1.498239926829286262e+01
1.735492349384741431e+02 1.502064245905176065e+01
1.741526854613083231e+02 1.509576689454327969e+01
1.747594576157508754e+02 1.518131235212221419e+01
1.753693521111757434e+02 1.524672049424408371e+01
1.759810469436538938e+02 1.526831830907311627e+01
1.765925660764014253e+02 1.523823027298068133e+01
1.772019975171615442e+02 1.516741975151335531e+01
1.778081866843551211e+02 1.508146541036899535e+01
1.784111422693748068e+02 1.501099634755185086e+01
1.790120173619081640e+02 1.498078072268908834e+01
1.796126930407590123e+02 1.500134394493376355e+01
1.802151198059621606e+02 1.506552891710168751e+01
1.808206363917065005e+02 1.515082728411717383e+01
1.814294908226682139e+02 1.522693036839437042e+01
1.820407367090951709e+02 1.526641390105136686e+01
1.826525615677961412e+02 1.525490701526722681e+01
1.832629419155011874e+02 1.519660770489953450e+01
1.838703797091833678e+02 1.511265918764822480e+01
1.844744375554698763e+02 1.503313348010292216e+01
1.850758802152258227e+02 1.498611369980064190e+01
1.856763907988393214e+02 1.498801910754774447e+01
1.862779772438497616e+02 1.503818694203710926e+01
1.868822724410345870e+02 1.511908780476347403e+01
1.874899572842278701e+02 1.520212412682321990e+01
1.881005058146968452e+02 1.525751964566979169e+01
1.887123589985112062e+02 1.526517063304394206e+01
1.893234830364340553e+02 1.522228524071894462e+01
1.899321097695784317e+02 1.514446434001836472e+01
1.905373748096106397e+02 1.505972463368971681e+01
1.911396155164359527e+02 1.499814448742454509e+01
1.917402358567287024e+02 1.498130154728749197e+01
1.923412055903237956e+02 1.501505651685587139e+01
1.929443728162118248e+02 1.508764600955831447e+01
1.935508161843322625e+02 1.517353362269928319e+01
1.941604537578029692e+02 1.524208142105964114e+01
1.947720564826317116e+02 1.526850682048818797e+01
1.953836818959725008e+02 1.524317738446823434e+01
1.959933792515608388e+02 1.517532669248911859e+01
1.965998978725037034e+02 1.508949177320572588e+01
1.972031290021928385e+02 1.501630167258136694e+01
1.978041287999778319e+02 1.498151087816844296e+01
1.984047348987868986e+02 1.499724550201154649e+01
1.990069220253868139e+02 1.505803066780472577e+01
1.996121129183225946e+02 1.514257214730082524e+01
2.002206712573450318e+02 1.522087156305078715e+01
2.008317572871342520e+02 1.526474806539145845e+01
2.014436166883921260e+02 1.525824265537351998e+01
2.020542133950926029e+02 1.520372907262302853e+01
2.026619708882325881e+02 1.512099488457777774e+01
2.032663371423892613e+02 1.503971718760388043e+01
2.038679679362441561e+02 1.498863556421690468e+01
2.044684806752028976e+02 1.498560215605959911e+01
2.050698825600978523e+02 1.503167182815327330e+01
2.056738709391427449e+02 1.511075984448786080e+01
2.062812350879827363e+02 1.519494599177363447e+01
2.068915639725289850e+02 1.525408243629374638e+01
2.075033782392890487e+02 1.526672742522506176e+01
2.081146582896174664e+02 1.522826761616182800e+01
2.087235791967366367e+02 1.515270297524005016e+01
2.093291705979288508e+02 1.506727134412727231e+01
2.099316539296875987e+02 1.500233879148817451e+01
2.105323481073831999e+02 1.498068135007038215e+01
2.111331972033449063e+02 1.500983729369110264e+01
2.117360913399237461e+02 1.507965129966864382e+01
2.123422051891651279e+02 1.516559200412766906e+01
2.129515742836728407e+02 1.523704512274994372e+01
2.135630665720488821e+02 1.526820658019063615e+01
2.141747798483524718e+02 1.524772307032637464e+01
2.147847313479626337e+02 1.518306415577719726e+01
2.153915784175730721e+02 1.509763711643313933e+01
2.159950949913705642e+02 1.502196795467136781e+01
2.165962367536778004e+02 1.498271630170975222e+01
2.171967918363881722e+02 1.499357103951779102e+01
2.177987527089399293e+02 1.505075603139388640e+01
2.184036213213451845e+02 1.513425773574685707e+01
2.190118756214796178e+02 1.521448720642127128e+01
2.196227852081271692e+02 1.526260587350053832e+01
2.202346599227982438e+02 1.526112465381670980e+01
2.208454581094057119e+02 1.521058384178904355e+01
2.214535300691192106e+02 1.512934439720759627e+01
2.220582109093826375e+02 1.504658576871932496e+01
2.226600450965903235e+02 1.499161043506659929e+01
2.232605789257962385e+02 1.498364812798975088e+01
2.238618122623238946e+02 1.502546824341699150e+01
2.244655012816496935e+02 1.510248031537116198e+01
2.250725408746453695e+02 1.518753166665872811e+01
2.256826361558597682e+02 1.525020623073802284e+01
2.262943924296484681e+02 1.526780146396739823e+01
2.269058112547494943e+02 1.523389967944548218e+01
2.275150171763788478e+02 1.516084867402153158e+01
2.281209370329330284e+02 1.507501162508394188e+01
2.287236754350287526e+02 1.500694120398748055e+01
2.293244617794620410e+02 1.498054014750132268e+01
2.299252080525607198e+02 1.500500157966000359e+01
2.305278401849749912e+02 1.507180906026154155e+01
2.311336248564924176e+02 1.515751394292391652e+01
2.317427147709776989e+02 1.523162843894294127e+01
2.323540786615010916e+02 1.526741862893591595e+01
2.329658610677324475e+02 1.525185161773898201e+01
2.335760540102961897e+02 1.519060574541007824e+01
2.341832273950815875e+02 1.510587510782960408e+01
2.347870384704716002e+02 1.502797840111459315e+01
2.353883390933539204e+02 1.498439461285113694e+01
2.359888619734387305e+02 1.499033384239297462e+01
2.365906107737952198e+02 1.504373028970848658e+01
2.371951616393942572e+02 1.512591320992759236e+01
2.378031050281626619e+02 1.520780029530868127e+01
2.384138222300802852e+02 1.525999567727665962e+01
2.390256929844744320e+02 1.526354337210647572e+01
2.396366770637092429e+02 1.521714891783665813e+01
2.402450572141486305e+02 1.513767987241292268e+01
2.408500577841318488e+02 1.505371673446999914e+01
2.414521099601778076e+02 1.499502880929232695e+01
2.420526837456237956e+02 1.498216364509851850e+01
2.426537651020967417e+02 1.501959693496949733e+01
2.432571632214076089e+02 1.509427721434623493e+01
2.438638754962936162e+02 1.517990662901016208e+01
2.444737240164386662e+02 1.524590463835812315e+01
2.450854034355064357e+02 1.526838950398941996e+01
2.456969433433147572e+02 1.523916267299157212e+01
2.463064241662842164e+02 1.516887460874922944e+01
2.469126735060416991e+02 1.508292069774073063e+01
2.475156786272501108e+02 1.501193762560697564e+01
2.481165752167307517e+02 1.498087943177388581e+01
2.487172368717914708e+02 1.500056614391719378e+01
2.493196189930515345e+02 1.506414631066813747e+01
2.499250759927123795e+02 1.514932792857484323e+01
2.505338770802177351e+02 1.522585123585431965e+01
2.511450950962139643e+02 1.526614671046090166e+01
2.517569277139960775e+02 1.525554985251242179e+01
2.523673486494936640e+02 1.519792687967652078e+01
2.529748451652187953e+02 1.511417882104365340e+01
2.535789588233099039e+02 1.503431353681846794e+01
2.541804346850036325e+02 1.498654077478751212e+01
2.547809442914725651e+02 1.498754511488060714e+01
2.553824959391837126e+02 1.503697723070073877e+01
2.559867346909447576e+02 1.511756725210762475e+01
2.565943614037479961e+02 1.520083440818879517e+01
2.572048709783789491e+02 1.525692700502391119e+01
2.578167185410931666e+02 1.526549175588881724e+01
2.584278723657886303e+02 1.522340330777210760e+01
2.590365534726300893e+02 1.514597450269467060e+01
2.596418779086292830e+02 1.506108712196242294e+01
2.602441619607797634e+02 1.499887976582300908e+01
2.608447944358101722e+02 1.498115389704026690e+01
2.614457408965902800e+02 1.501407765744934686e+01
2.620488575610413022e+02 1.508617847668460854e+01
2.626552408858252647e+02 1.517209735943705518e+01
2.632648303657355200e+02 1.524119290969189322e+01
2.638764143453539077e+02 1.526848963560220085e+01
2.644880572256371920e+02 1.524403832352873067e+01
2.650978019624512854e+02 1.517675325704091271e+01
2.657043806427660684e+02 1.509097019033190890e+01
2.663076631292663023e+02 1.501730943259721229e+01
2.669086875675733381e+02 1.498169609076643560e+01
2.675092829985512708e+02 1.499654389460720694e+01
2.681114278708560050e+02 1.505668688134522704e+01
2.687165597254270324e+02 1.514105958390678452e+01
2.693250631866195590e+02 1.521973089021494729e+01
2.699361182461020690e+02 1.526439255559930430e+01
2.705479818522119899e+02 1.525880225283760083e+01
2.711586163793064657e+02 1.520500010654209611e+01
2.717664316313328641e+02 1.512251835732638483e+01
2.723708548756656000e+02 1.504095060451632548e+01
2.729725217197208167e+02 1.498914610107145151e+01
2.735730369725247328e+02 1.498521236918672628e+01
2.741744070011165491e+02 1.503051764946084035e+01
2.747783402823727670e+02 1.510924612655482946e+01
2.753856455376168810e+02 1.519361116238852993e+01
2.759959328530556490e+02 1.525340812123221035e+01
2.766077379439954598e+02 1.526695936643114848e+01
2.772190445690081333e+02 1.522932140332193640e+01
2.778280181398739046e+02 1.515419661431754861e+01
2.784336693314515401e+02 1.506867017899274686e+01
2.790361983316718693e+02 1.500314934466820027e+01
2.796369080274229191e+02 1.498062097009460913e+01
2.802377370931610017e+02 1.500892719990069857e+01
2.808405828626607104e+02 1.507820896508265207e+01
2.814466366315342043e+02 1.516412822263260729e+01
2.820559555931671412e+02 1.523608522290637524e+01
2.826674257806291166e+02 1.526809918764197072e+01
2.832791530603347496e+02 1.524850770588385451e+01
2.838891495613619327e+02 1.518445532595722902e+01
2.844960563561181175e+02 1.509913418059973012e+01
2.850996260372460256e+02 1.502303989565030662e+01
2.857007955724270118e+02 1.498298798229162188e+01
2.863013434084218147e+02 1.499294814657502428e+01
2.869032645436341227e+02 1.504945566330555096e+01
2.875080748433650797e+02 1.513273737593239332e+01
2.881162729316338869e+02 1.521328978799384934e+01
2.887271486167555281e+02 1.526216484108707228e+01
2.893390240605332906e+02 1.526160100466452008e+01
2.899498573491077309e+02 1.521180398245528487e+01
2.905579860380093464e+02 1.513086704920977787e+01
2.911627248596004165e+02 1.504786797794113973e+01
2.917645977581596526e+02 1.499220161962642095e+01
2.923651374892644981e+02 1.498334257856028628e+01
2.929663418698121973e+02 1.502437232677614531e+01
2.935699771795947299e+02 1.510097790167057674e+01
2.941769572522946419e+02 1.518615613157259325e+01
2.947870084878163652e+02 1.524945324358342802e+01
2.953987521583226226e+02 1.526794528965884368e+01
2.960101944064704753e+02 1.523488788317558118e+01
2.966194512489257704e+02 1.516232249361656237e+01
2.972254311606207011e+02 1.507644269748523769e+01
2.978282173815466081e+02 1.500782399535028411e+01
2.984290225138360029e+02 1.498056660298594522e+01
2.990297520011484949e+02 1.500416264656919019e+01
2.996323376250823003e+02 1.507039763233983187e+01
3.002380623979703955e+02 1.515602844215177747e+01
3.008471003453919934e+02 1.523060142906114045e+01
3.014584389296636004e+02 1.526722318070932616e+01
3.020702319288114950e+02 1.525255913289472964e+01
3.026804675006900993e+02 1.519195872688123217e+01
3.032877001105595696e+02 1.510738606135623918e+01
3.038915658222709908e+02 1.502911081384183412e+01
3.044928972255185613e+02 1.498475189778641337e+01
3.050934162934518667e+02 1.498979196605265685e+01
